Stellar Sequence
Central Pressure Range = 1.5 to 450 MeVfm^3
Number of Stars = 500
h = 15 meters
r0 = 5 meters
      P_MeV/fm3             R_km         M_M_solar     Energy Density
 1.50000000e+00   1.40000000e+01    1.63321478e-01    1.05835005e+02
 2.39879760e+00   1.30400000e+01    2.42922131e-01    1.22184117e+02
 3.29759519e+00   1.28300000e+01    3.13945671e-01    1.35236291e+02
 4.19639279e+00   1.28000000e+01    3.78070162e-01    1.46602613e+02
 5.09519038e+00   1.28300000e+01    4.36543079e-01    1.56710627e+02
 5.99398798e+00   1.28750000e+01    4.90354264e-01    1.65868564e+02
 6.89278557e+00   1.29200000e+01    5.40269560e-01    1.74298105e+02
 7.79158317e+00   1.29800000e+01    5.86862305e-01    1.82130581e+02
 8.69038076e+00   1.30250000e+01    6.30533224e-01    1.89465699e+02
 9.58917836e+00   1.30850000e+01    6.71656066e-01    1.96403066e+02
 1.04879760e+01   1.31300000e+01    7.10509661e-01    2.03012965e+02
 1.13867735e+01   1.31600000e+01    7.47314854e-01    2.09305221e+02
 1.22855711e+01   1.31900000e+01    7.82276960e-01    2.15353812e+02
 1.31843687e+01   1.32350000e+01    8.15571876e-01    2.21172491e+02
 1.40831663e+01   1.32500000e+01    8.47321618e-01    2.26779404e+02
 1.49819639e+01   1.32800000e+01    8.77676812e-01    2.32220245e+02
 1.58807615e+01   1.33100000e+01    9.06721115e-01    2.37481400e+02
 1.67795591e+01   1.33250000e+01    9.34565821e-01    2.42608129e+02
 1.76783567e+01   1.33550000e+01    9.61292980e-01    2.47589534e+02
 1.85771543e+01   1.33700000e+01    9.86972305e-01    2.52455573e+02
 1.94759519e+01   1.33850000e+01    1.01168520e+00    2.57200328e+02
 2.03747495e+01   1.34000000e+01    1.03548624e+00    2.61844502e+02
 2.12735471e+01   1.34150000e+01    1.05843009e+00    2.66392746e+02
 2.21723447e+01   1.34300000e+01    1.08056523e+00    2.70841506e+02
 2.30711423e+01   1.34300000e+01    1.10193797e+00    2.75214850e+02
 2.39699399e+01   1.34450000e+01    1.12260041e+00    2.79502820e+02
 2.48687375e+01   1.34600000e+01    1.14258488e+00    2.83721523e+02
 2.57675351e+01   1.34600000e+01    1.16192427e+00    2.87869769e+02
 2.66663327e+01   1.34600000e+01    1.18065441e+00    2.91947167e+02
 2.75651303e+01   1.34750000e+01    1.19880903e+00    2.95969664e+02
 2.84639279e+01   1.34750000e+01    1.21641409e+00    2.99928028e+02
 2.93627255e+01   1.34750000e+01    1.23348841e+00    3.03833369e+02
 3.02615230e+01   1.34900000e+01    1.25007342e+00    3.07686887e+02
 3.11603206e+01   1.34900000e+01    1.26617421e+00    3.11488936e+02
 3.20591182e+01   1.34900000e+01    1.28182107e+00    3.15243597e+02
 3.29579158e+01   1.34900000e+01    1.29702977e+00    3.18954695e+02
 3.38567134e+01   1.34900000e+01    1.31182326e+00    3.22620422e+02
 3.47555110e+01   1.35050000e+01    1.32622154e+00    3.26245127e+02
 3.56543086e+01   1.35050000e+01    1.34022926e+00    3.29832269e+02
 3.65531062e+01   1.35050000e+01    1.35387454e+00    3.33379287e+02
 3.74519038e+01   1.35050000e+01    1.36716825e+00    3.36890279e+02
 3.83507014e+01   1.35050000e+01    1.38012067e+00    3.40368239e+02
 3.92494990e+01   1.35050000e+01    1.39275005e+00    3.43811283e+02
 4.01482966e+01   1.34900000e+01    1.40506114e+00    3.47221772e+02
 4.10470942e+01   1.34900000e+01    1.41707258e+00    3.50602700e+02
 4.19458918e+01   1.34900000e+01    1.42879320e+00    3.53953546e+02
 4.28446894e+01   1.34900000e+01    1.44023164e+00    3.57274970e+02
 4.37434870e+01   1.34900000e+01    1.45140601e+00    3.60569169e+02
 4.46422846e+01   1.34900000e+01    1.46231260e+00    3.63837007e+02
 4.55410822e+01   1.34750000e+01    1.47296903e+00    3.67078821e+02
 4.64398798e+01   1.34750000e+01    1.48338362e+00    3.70295579e+02
 4.73386774e+01   1.34750000e+01    1.49356371e+00    3.73488317e+02
 4.82374749e+01   1.34750000e+01    1.50351069e+00    3.76657811e+02
 4.91362725e+01   1.34750000e+01    1.51324267e+00    3.79804771e+02
 5.00350701e+01   1.34750000e+01    1.52276156e+00    3.82929859e+02
 5.09338677e+01   1.34600000e+01    1.53207149e+00    3.86033701e+02
 5.18326653e+01   1.34600000e+01    1.54118266e+00    3.89116856e+02
 5.27314629e+01   1.34600000e+01    1.55010198e+00    3.92179977e+02
 5.36302605e+01   1.34450000e+01    1.55883463e+00    3.95223935e+02
 5.45290581e+01   1.34450000e+01    1.56738279e+00    3.98249381e+02
 5.54278557e+01   1.34450000e+01    1.57575583e+00    4.01256264e+02
 5.63266533e+01   1.34450000e+01    1.58395566e+00    4.04244644e+02
 5.72254509e+01   1.34300000e+01    1.59198963e+00    4.07215717e+02
 5.81242485e+01   1.34300000e+01    1.59986128e+00    4.10170883e+02
 5.90230461e+01   1.34150000e+01    1.60757551e+00    4.13110185e+02
 5.99218437e+01   1.34150000e+01    1.61513786e+00    4.16032883e+02
 6.08206413e+01   1.34150000e+01    1.62255104e+00    4.18939115e+02
 6.17194389e+01   1.34000000e+01    1.62982172e+00    4.21830211e+02
 6.26182365e+01   1.34000000e+01    1.63695272e+00    4.24707320e+02
 6.35170341e+01   1.34000000e+01    1.64394574e+00    4.27570505e+02
 6.44158317e+01   1.33850000e+01    1.65080696e+00    4.30419566e+02
 6.53146293e+01   1.33850000e+01    1.65753572e+00    4.33254499e+02
 6.62134269e+01   1.33700000e+01    1.66414396e+00    4.36075484e+02
 6.71122244e+01   1.33700000e+01    1.67062647e+00    4.38882845e+02
 6.80110220e+01   1.33700000e+01    1.67698998e+00    4.41677474e+02
 6.89098196e+01   1.33550000e+01    1.68323544e+00    4.44460398e+02
 6.98086172e+01   1.33550000e+01    1.68937004e+00    4.47231991e+02
 7.07074148e+01   1.33400000e+01    1.69539201e+00    4.49991688e+02
 7.16062124e+01   1.33400000e+01    1.70130632e+00    4.52738922e+02
 7.25050100e+01   1.33400000e+01    1.70711624e+00    4.55473974e+02
 7.34038076e+01   1.33250000e+01    1.71282210e+00    4.58197690e+02
 7.43026052e+01   1.33250000e+01    1.71842850e+00    4.60910823e+02
 7.52014028e+01   1.33100000e+01    1.72393665e+00    4.63613506e+02
 7.61002004e+01   1.33100000e+01    1.72935036e+00    4.66305636e+02
 7.69989980e+01   1.33100000e+01    1.73467067e+00    4.68987295e+02
 7.78977956e+01   1.32950000e+01    1.73989612e+00    4.71659330e+02
 7.87965932e+01   1.32950000e+01    1.74503619e+00    4.74322787e+02
 7.96953908e+01   1.32800000e+01    1.75008737e+00    4.76978570e+02
 8.05941884e+01   1.32800000e+01    1.75505476e+00    4.79627037e+02
 8.14929860e+01   1.32800000e+01    1.75993983e+00    4.82268414e+02
 8.32905812e+01   1.32650000e+01    1.76946377e+00    4.87543553e+02
 8.41893788e+01   1.32650000e+01    1.77410844e+00    4.90196060e+02
 8.50881764e+01   1.32500000e+01    1.77867277e+00    4.92870331e+02
 8.59869739e+01   1.32350000e+01    1.78316016e+00    4.95562463e+02
 8.68857715e+01   1.32350000e+01    1.78757130e+00    4.98263741e+02
 8.77845691e+01   1.32350000e+01    1.79191007e+00    5.00966037e+02
 8.95821643e+01   1.32200000e+01    1.80036490e+00    5.06367051e+02
 9.04809619e+01   1.32200000e+01    1.80448635e+00    5.09067131e+02
 9.13797595e+01   1.32050000e+01    1.80853689e+00    5.11766818e+02
 9.31773547e+01   1.31900000e+01    1.81643367e+00    5.17160185e+02
 9.58737475e+01   1.31750000e+01    1.82778908e+00    5.25219126e+02
 9.67725451e+01   1.31600000e+01    1.83144775e+00    5.27893820e+02
 1.00367735e+02   1.31450000e+01    1.84549450e+00    5.38530679e+02
 1.02165331e+02   1.31300000e+01    1.85217466e+00    5.43814709e+02
 1.04861723e+02   1.31150000e+01    1.86179671e+00    5.51700679e+02
 1.05760521e+02   1.31150000e+01    1.86490341e+00    5.54317468e+02
 1.07558116e+02   1.30850000e+01    1.87096336e+00    5.59532116e+02
 1.10254509e+02   1.30700000e+01    1.87970076e+00    5.67307633e+02
 1.11153307e+02   1.30700000e+01    1.88252308e+00    5.69887263e+02
 1.12950902e+02   1.30550000e+01    1.88803331e+00    5.75028392e+02
 1.13849699e+02   1.30550000e+01    1.89072636e+00    5.77590030e+02
 1.15647295e+02   1.30400000e+01    1.89598549e+00    5.82695981e+02
 1.18343687e+02   1.30100000e+01    1.90357675e+00    5.90312795e+02
 1.21040080e+02   1.29950000e+01    1.91082752e+00    5.97879753e+02
 1.23736473e+02   1.29800000e+01    1.91775621e+00    6.05396971e+02
 1.26432866e+02   1.29650000e+01    1.92438017e+00    6.12864986e+02
 1.29129259e+02   1.29350000e+01    1.93071549e+00    6.20285406e+02
 1.31825651e+02   1.29200000e+01    1.93677727e+00    6.27659600e+02
 1.34522044e+02   1.29050000e+01    1.94257950e+00    6.34988718e+02
 1.37218437e+02   1.28900000e+01    1.94813529e+00    6.42273920e+02
 1.39914830e+02   1.28750000e+01    1.95345693e+00    6.49517003e+02
 1.42611222e+02   1.28450000e+01    1.95855588e+00    6.56719432e+02
 1.45307615e+02   1.28300000e+01    1.96344305e+00    6.63881846e+02
 1.48004008e+02   1.28150000e+01    1.96812852e+00    6.71004049e+02
 1.50700401e+02   1.28000000e+01    1.97262185e+00    6.78087419e+02
 1.53396794e+02   1.27850000e+01    1.97693184e+00    6.85138422e+02
 1.56093186e+02   1.27550000e+01    1.98106656e+00    6.92165034e+02
 1.58789579e+02   1.27400000e+01    1.98503375e+00    6.99175377e+02
 1.61485972e+02   1.27250000e+01    1.98884092e+00    7.06171563e+02
 1.64182365e+02   1.27100000e+01    1.99249457e+00    7.13151427e+02
 1.69575150e+02   1.26800000e+01    1.99936528e+00    7.27037033e+02
 1.72271543e+02   1.26650000e+01    2.00259575e+00    7.33936791e+02
 1.74967936e+02   1.26500000e+01    2.00569601e+00    7.40808193e+02
 1.77664329e+02   1.26200000e+01    2.00867177e+00    7.47651041e+02
 1.81259519e+02   1.26050000e+01    2.01245579e+00    7.56730444e+02
 1.85753507e+02   1.25750000e+01    2.01690329e+00    7.68009590e+02
 1.89348697e+02   1.25600000e+01    2.02025148e+00    7.76977946e+02
 1.92045090e+02   1.25450000e+01    2.02264529e+00    7.83672803e+02
 1.94741483e+02   1.25300000e+01    2.02494288e+00    7.90341254e+02
 1.97437876e+02   1.25150000e+01    2.02714884e+00    7.96983764e+02
 2.00134269e+02   1.24850000e+01    2.02926558e+00    8.03600798e+02
 2.01033066e+02   1.24850000e+01    2.02995330e+00    8.05800894e+02
 2.03729459e+02   1.24700000e+01    2.03195784e+00    8.12384680e+02
 2.10021042e+02   1.24400000e+01    2.03632607e+00    8.27652754e+02
 2.12717435e+02   1.24250000e+01    2.03807260e+00    8.34156981e+02
 2.15413828e+02   1.24100000e+01    2.03974733e+00    8.40638305e+02
 2.19009018e+02   1.23950000e+01    2.04187510e+00    8.49245181e+02
 2.34288577e+02   1.23050000e+01    2.04968177e+00    8.85401083e+02
 2.37883768e+02   1.22900000e+01    2.05125630e+00    8.93813743e+02
 2.40580160e+02   1.22750000e+01    2.05237651e+00    9.00100714e+02
 2.43276553e+02   1.22600000e+01    2.05344720e+00    9.06368764e+02
 2.50466934e+02   1.22300000e+01    2.05607610e+00    9.22993571e+02
 2.54062124e+02   1.22150000e+01    2.05727262e+00    9.31258175e+02
 2.63948898e+02   1.21550000e+01    2.06018851e+00    9.53829967e+02
 2.67544088e+02   1.21400000e+01    2.06112199e+00    9.61983408e+02
 2.81924850e+02   1.20800000e+01    2.06425226e+00    9.94319537e+02
 2.99900802e+02   1.20050000e+01    2.06697580e+00    1.03415761e+03
 3.02597194e+02   1.18100000e+01               nan    1.04008164e+03
 3.03495992e+02   1.18100000e+01               nan    1.04205349e+03
 3.17876754e+02   1.17500000e+01               nan    1.07341278e+03
 3.25965932e+02   1.17200000e+01               nan    1.09090026e+03
 3.26864729e+02   1.17200000e+01               nan    1.09283686e+03
 3.29561122e+02   1.17050000e+01               nan    1.09863907e+03
 3.30459920e+02   1.18700000e+01    2.06919939e+00    1.10057065e+03
 3.34953908e+02   1.16900000e+01               nan    1.11021010e+03
 3.37650301e+02   1.16750000e+01               nan    1.11597931e+03
 3.42144289e+02   1.16600000e+01               nan    1.12557106e+03
 3.45739479e+02   1.16450000e+01               nan    1.13322339e+03
 3.50233467e+02   1.16300000e+01               nan    1.14276261e+03
 3.53828657e+02   1.16150000e+01               nan    1.15037337e+03
 3.54727455e+02   1.16150000e+01               nan    1.15227325e+03
 3.58322645e+02   1.16000000e+01               nan    1.15986179e+03
 3.60120240e+02   1.16000000e+01               nan    1.16364957e+03
 3.62816633e+02   1.15850000e+01               nan    1.16932324e+03
 3.67310621e+02   1.15700000e+01               nan    1.17875842e+03
 3.71804609e+02   1.15550000e+01               nan    1.18816794e+03
 3.72703407e+02   1.17050000e+01    2.06863456e+00    1.19004680e+03
 3.75399800e+02   1.15400000e+01               nan    1.19567726e+03
 3.76298597e+02   1.15400000e+01               nan    1.19755205e+03
 3.77197395e+02   1.16900000e+01    2.06838486e+00    1.19942582e+03
 3.79893788e+02   1.15250000e+01               nan    1.20504103e+03
 3.80792585e+02   1.15250000e+01               nan    1.20691073e+03
 3.81691383e+02   1.16750000e+01    2.06810457e+00    1.20877942e+03
 3.84387776e+02   1.15100000e+01               nan    1.21437957e+03
 3.85286573e+02   1.15100000e+01               nan    1.21624434e+03
 3.86185371e+02   1.16600000e+01    2.06779503e+00    1.21810815e+03
 3.89780561e+02   1.14950000e+01               nan    1.22555406e+03
 3.93375752e+02   1.14800000e+01               nan    1.23298547e+03
 3.94274549e+02   1.14800000e+01               nan    1.23484108e+03
 3.98768537e+02   1.14650000e+01               nan    1.24410557e+03
 4.04161323e+02   1.14500000e+01               nan    1.25519274e+03
 4.07756513e+02   1.14350000e+01               nan    1.26256595e+03
 4.08655311e+02   1.14350000e+01               nan    1.26440703e+03
 4.12250501e+02   1.14200000e+01               nan    1.27176273e+03
 4.13149299e+02   1.14200000e+01               nan    1.27359953e+03
 4.14946894e+02   1.14200000e+01               nan    1.27727064e+03
 4.17643287e+02   1.14050000e+01               nan    1.28277114e+03
 4.18542084e+02   1.14050000e+01               nan    1.28460299e+03
 4.22137275e+02   1.13900000e+01               nan    1.29192216e+03
 4.23036072e+02   1.13900000e+01               nan    1.29374989e+03
 4.27530060e+02   1.13750000e+01               nan    1.30287621e+03
 4.28428858e+02   1.13750000e+01               nan    1.30469901e+03
 4.32024048e+02   1.13600000e+01               nan    1.31198214e+03
 4.32922846e+02   1.13600000e+01               nan    1.31380093e+03
 4.38315631e+02   1.13450000e+01               nan    1.32469731e+03
 4.42809619e+02   1.13300000e+01               nan    1.33375671e+03
 4.47303607e+02   1.13150000e+01               nan    1.34279733e+03
 4.48202405e+02   1.13150000e+01               nan    1.34460320e+03
