Stellar Sequence
Central Pressure Range = 4 to 1250 MeVfm^3
Number of Stars = 700
h = 15 meters
r0 = 5 meters
      P_MeV/fm3             R_km         M_M_solar     Energy Density
 4.00000000e+00   1.47050000e+01    2.22219706e-01    2.00303124e+02
 5.78254649e+00   1.32050000e+01    2.80113005e-01    2.27787615e+02
 7.56509299e+00   1.25300000e+01    3.33091367e-01    2.49951141e+02
 9.34763948e+00   1.21550000e+01    3.81932816e-01    2.68683169e+02
 1.11301860e+01   1.19150000e+01    4.27434076e-01    2.84850401e+02
 1.29127325e+01   1.17650000e+01    4.70192191e-01    2.99173656e+02
 1.46952790e+01   1.16450000e+01    5.10610937e-01    3.12025340e+02
 1.64778255e+01   1.15700000e+01    5.48980538e-01    3.23818142e+02
 1.82603720e+01   1.15100000e+01    5.85509850e-01    3.34703619e+02
 2.00429185e+01   1.14650000e+01    6.20397339e-01    3.44812905e+02
 2.18254649e+01   1.14350000e+01    6.53788450e-01    3.54325469e+02
 2.36080114e+01   1.14200000e+01    6.85811731e-01    3.63276980e+02
 2.53905579e+01   1.13900000e+01    7.16577813e-01    3.71731174e+02
 2.71731044e+01   1.13750000e+01    7.46174429e-01    3.79797604e+02
 2.89556509e+01   1.13750000e+01    7.74680472e-01    3.87544802e+02
 3.07381974e+01   1.13600000e+01    8.02168061e-01    3.94947464e+02
 3.25207439e+01   1.13450000e+01    8.28699256e-01    4.02076958e+02
 3.43032904e+01   1.13450000e+01    8.54336268e-01    4.08915910e+02
 3.60858369e+01   1.13450000e+01    8.79129592e-01    4.15557265e+02
 3.78683834e+01   1.13450000e+01    9.03127116e-01    4.21951248e+02
 3.96509299e+01   1.13300000e+01    9.26369881e-01    4.28196471e+02
 4.14334764e+01   1.13300000e+01    9.48893919e-01    4.34249173e+02
 4.32160229e+01   1.13300000e+01    9.70740972e-01    4.40121238e+02
 4.49985694e+01   1.13300000e+01    9.91940127e-01    4.45864001e+02
 4.67811159e+01   1.13300000e+01    1.01252448e+00    4.51446887e+02
 4.85636624e+01   1.13300000e+01    1.03252596e+00    4.56881658e+02
 5.03462089e+01   1.13300000e+01    1.05196941e+00    4.62212235e+02
 5.21287554e+01   1.13300000e+01    1.07087797e+00    4.67429543e+02
 5.39113019e+01   1.13300000e+01    1.08927655e+00    4.72524200e+02
 5.56938484e+01   1.13300000e+01    1.10718834e+00    4.77511554e+02
 5.74763948e+01   1.13150000e+01    1.12463339e+00    4.82415460e+02
 5.92589413e+01   1.13150000e+01    1.14162783e+00    4.87234386e+02
 6.10414878e+01   1.13150000e+01    1.15819198e+00    4.91962632e+02
 6.28240343e+01   1.13150000e+01    1.17434242e+00    4.96598359e+02
 6.46065808e+01   1.13150000e+01    1.19009507e+00    5.01155224e+02
 6.63891273e+01   1.13150000e+01    1.20546658e+00    5.05645556e+02
 6.81716738e+01   1.13150000e+01    1.22046940e+00    5.10072243e+02
 6.99542203e+01   1.13150000e+01    1.23511707e+00    5.14430935e+02
 7.17367668e+01   1.13150000e+01    1.24942263e+00    5.18712593e+02
 7.35193133e+01   1.13150000e+01    1.26339942e+00    5.22923872e+02
 7.53018598e+01   1.13150000e+01    1.27705914e+00    5.27080765e+02
 7.70844063e+01   1.13150000e+01    1.29041219e+00    5.31187558e+02
 7.88669528e+01   1.13000000e+01    1.30346918e+00    5.35241929e+02
 8.06494993e+01   1.13000000e+01    1.31623948e+00    5.39246969e+02
 8.24320458e+01   1.13000000e+01    1.32873218e+00    5.43209023e+02
 8.42145923e+01   1.13000000e+01    1.34095754e+00    5.47122116e+02
 8.59971388e+01   1.13000000e+01    1.35292168e+00    5.50967794e+02
 8.77796853e+01   1.13000000e+01    1.36463672e+00    5.54742657e+02
 8.95622318e+01   1.13000000e+01    1.37611284e+00    5.58474491e+02
 9.13447783e+01   1.13000000e+01    1.38735318e+00    5.62190232e+02
 9.31273247e+01   1.12850000e+01    1.39836515e+00    5.65887457e+02
 9.49098712e+01   1.12850000e+01    1.40915523e+00    5.69552190e+02
 9.66924177e+01   1.12850000e+01    1.41972874e+00    5.73174071e+02
 9.84749642e+01   1.12850000e+01    1.43009419e+00    5.76747963e+02
 1.00257511e+02   1.12850000e+01    1.44025646e+00    5.80270987e+02
 1.02040057e+02   1.12850000e+01    1.45022396e+00    5.83755695e+02
 1.03822604e+02   1.12700000e+01    1.46000063e+00    5.87222269e+02
 1.05605150e+02   1.12700000e+01    1.46959127e+00    5.90682955e+02
 1.07387697e+02   1.12700000e+01    1.47900002e+00    5.94119946e+02
 1.09170243e+02   1.12700000e+01    1.48823064e+00    5.97508424e+02
 1.10952790e+02   1.12700000e+01    1.49729233e+00    6.00835994e+02
 1.12735336e+02   1.12700000e+01    1.50618930e+00    6.04119367e+02
 1.14517883e+02   1.12550000e+01    1.51492407e+00    6.07379403e+02
 1.16300429e+02   1.12550000e+01    1.52350431e+00    6.10629862e+02
 1.18082976e+02   1.12550000e+01    1.53193122e+00    6.13866260e+02
 1.19865522e+02   1.12550000e+01    1.54020741e+00    6.17081220e+02
 1.21648069e+02   1.12550000e+01    1.54833934e+00    6.20268600e+02
 1.23430615e+02   1.12400000e+01    1.55632872e+00    6.23427208e+02
 1.25213162e+02   1.12400000e+01    1.56418083e+00    6.26557092e+02
 1.26995708e+02   1.12400000e+01    1.57189704e+00    6.29658683e+02
 1.28778255e+02   1.12400000e+01    1.57948293e+00    6.32736428e+02
 1.30560801e+02   1.12400000e+01    1.58694175e+00    6.35797159e+02
 1.32343348e+02   1.12250000e+01    1.59427434e+00    6.38847709e+02
 1.34125894e+02   1.12250000e+01    1.60148554e+00    6.41889640e+02
 1.35908441e+02   1.12250000e+01    1.60857608e+00    6.44913590e+02
 1.37690987e+02   1.12250000e+01    1.61554897e+00    6.47908845e+02
 1.39473534e+02   1.12100000e+01    1.62240928e+00    6.50865608e+02
 1.41256080e+02   1.12100000e+01    1.62915930e+00    6.53786608e+02
 1.43038627e+02   1.12100000e+01    1.63580077e+00    6.56683621e+02
 1.44821173e+02   1.12100000e+01    1.64233724e+00    6.59568621e+02
 1.46603720e+02   1.12100000e+01    1.64877106e+00    6.62451906e+02
 1.48386266e+02   1.11950000e+01    1.65510372e+00    6.65330792e+02
 1.50168813e+02   1.11950000e+01    1.66133639e+00    6.68196536e+02
 1.51951359e+02   1.11950000e+01    1.66747148e+00    6.71040362e+02
 1.53733906e+02   1.11950000e+01    1.67351226e+00    6.73854888e+02
 1.55516452e+02   1.11800000e+01    1.67946096e+00    6.76642555e+02
 1.57298999e+02   1.11800000e+01    1.68531973e+00    6.79410019e+02
 1.59081545e+02   1.11800000e+01    1.69109038e+00    6.82163954e+02
 1.60864092e+02   1.11800000e+01    1.69677452e+00    6.84910654e+02
 1.62646638e+02   1.11800000e+01    1.70237367e+00    6.87650942e+02
 1.64429185e+02   1.11650000e+01    1.70788942e+00    6.90381557e+02
 1.66211731e+02   1.11650000e+01    1.71332352e+00    6.93099139e+02
 1.67994278e+02   1.11650000e+01    1.71867771e+00    6.95800343e+02
 1.69776824e+02   1.11650000e+01    1.72395372e+00    6.98483606e+02
 1.71559371e+02   1.11500000e+01    1.72915317e+00    7.01150894e+02
 1.73341917e+02   1.11500000e+01    1.73427771e+00    7.03804587e+02
 1.75124464e+02   1.11500000e+01    1.73932876e+00    7.06447064e+02
 1.76907010e+02   1.11500000e+01    1.74430773e+00    7.09080522e+02
 1.78689557e+02   1.11350000e+01    1.74921592e+00    7.11704917e+02
 1.80472103e+02   1.11350000e+01    1.75405474e+00    7.14318718e+02
 1.82254649e+02   1.11350000e+01    1.75882548e+00    7.16920364e+02
 1.84037196e+02   1.11350000e+01    1.76352946e+00    7.19508294e+02
 1.85819742e+02   1.11200000e+01    1.76816800e+00    7.22081171e+02
 1.87602289e+02   1.11200000e+01    1.77274249e+00    7.24639001e+02
 1.89384835e+02   1.11200000e+01    1.77725414e+00    7.27182293e+02
 1.91167382e+02   1.11200000e+01    1.78170413e+00    7.29711555e+02
 1.92949928e+02   1.11050000e+01    1.78609359e+00    7.32227295e+02
 1.94732475e+02   1.11050000e+01    1.79042377e+00    7.34730066e+02
 1.96515021e+02   1.11050000e+01    1.79469577e+00    7.37220710e+02
 1.98297568e+02   1.11050000e+01    1.79891070e+00    7.39700191e+02
 2.00080114e+02   1.10900000e+01    1.80306963e+00    7.42169469e+02
 2.01862661e+02   1.10900000e+01    1.80717369e+00    7.44629510e+02
 2.03645207e+02   1.10900000e+01    1.81122385e+00    7.47081239e+02
 2.05427754e+02   1.10900000e+01    1.81522114e+00    7.49524925e+02
 2.07210300e+02   1.10750000e+01    1.81916653e+00    7.51960240e+02
 2.08992847e+02   1.10750000e+01    1.82306080e+00    7.54386837e+02
 2.10775393e+02   1.10750000e+01    1.82690422e+00    7.56804368e+02
 2.12557940e+02   1.10750000e+01    1.83069787e+00    7.59212484e+02
 2.14340486e+02   1.10600000e+01    1.83444290e+00    7.61610969e+02
 2.16123033e+02   1.10600000e+01    1.83814032e+00    7.64000095e+02
 2.17905579e+02   1.10600000e+01    1.84179092e+00    7.66380256e+02
 2.19688126e+02   1.10600000e+01    1.84539558e+00    7.68751845e+02
 2.21470672e+02   1.10600000e+01    1.84895494e+00    7.71115252e+02
 2.23253219e+02   1.10450000e+01    1.85246924e+00    7.73470870e+02
 2.25035765e+02   1.10450000e+01    1.85593956e+00    7.75818878e+02
 2.26818312e+02   1.10450000e+01    1.85936676e+00    7.78159014e+02
 2.28600858e+02   1.10450000e+01    1.86275180e+00    7.80490963e+02
 2.30383405e+02   1.10300000e+01    1.86609565e+00    7.82814410e+02
 2.32165951e+02   1.10300000e+01    1.86939842e+00    7.85129038e+02
 2.33948498e+02   1.10300000e+01    1.87266003e+00    7.87434533e+02
 2.35731044e+02   1.10300000e+01    1.87588198e+00    7.89730800e+02
 2.37513591e+02   1.10150000e+01    1.87906500e+00    7.92018277e+02
 2.39296137e+02   1.10150000e+01    1.88220996e+00    7.94297479e+02
 2.41078684e+02   1.10150000e+01    1.88531729e+00    7.96568923e+02
 2.42861230e+02   1.10150000e+01    1.88838693e+00    7.98833123e+02
 2.44643777e+02   1.10000000e+01    1.89141984e+00    8.01090595e+02
 2.46426323e+02   1.10000000e+01    1.89441699e+00    8.03341802e+02
 2.48208870e+02   1.10000000e+01    1.89737942e+00    8.05586836e+02
 2.49991416e+02   1.10000000e+01    1.90030684e+00    8.07825635e+02
 2.51773963e+02   1.09850000e+01    1.90319899e+00    8.10058136e+02
 2.53556509e+02   1.09850000e+01    1.90605747e+00    8.12284277e+02
 2.55339056e+02   1.09850000e+01    1.90888278e+00    8.14503996e+02
 2.57121602e+02   1.09850000e+01    1.91167569e+00    8.16717231e+02
 2.58904149e+02   1.09700000e+01    1.91443566e+00    8.18923918e+02
 2.60686695e+02   1.09700000e+01    1.91716366e+00    8.21123994e+02
 2.62469242e+02   1.09700000e+01    1.91986047e+00    8.23317394e+02
 2.64251788e+02   1.09700000e+01    1.92252731e+00    8.25504055e+02
 2.66034335e+02   1.09550000e+01    1.92516313e+00    8.27683913e+02
 2.67816881e+02   1.09550000e+01    1.92776851e+00    8.29856903e+02
 2.69599428e+02   1.09550000e+01    1.93034451e+00    8.32022964e+02
 2.71381974e+02   1.09550000e+01    1.93289183e+00    8.34182147e+02
 2.73164521e+02   1.09400000e+01    1.93541036e+00    8.36334738e+02
 2.74947067e+02   1.09400000e+01    1.93790027e+00    8.38481052e+02
 2.76729614e+02   1.09400000e+01    1.94036237e+00    8.40621401e+02
 2.78512160e+02   1.09400000e+01    1.94279792e+00    8.42756100e+02
 2.80294707e+02   1.09400000e+01    1.94520633e+00    8.44885463e+02
 2.82077253e+02   1.09250000e+01    1.94758732e+00    8.47009802e+02
 2.83859800e+02   1.09250000e+01    1.94994222e+00    8.49129333e+02
 2.85642346e+02   1.09250000e+01    1.95227169e+00    8.51243818e+02
 2.87424893e+02   1.09250000e+01    1.95457542e+00    8.53352890e+02
 2.89207439e+02   1.09100000e+01    1.95685357e+00    8.55456183e+02
 2.90989986e+02   1.09100000e+01    1.95910701e+00    8.57553330e+02
 2.92772532e+02   1.09100000e+01    1.96133706e+00    8.59643964e+02
 2.94555079e+02   1.09100000e+01    1.96354216e+00    8.61727719e+02
 2.96337625e+02   1.08950000e+01    1.96572320e+00    8.63804235e+02
 2.98120172e+02   1.08950000e+01    1.96788100e+00    8.65873505e+02
 2.99902718e+02   1.08950000e+01    1.97001624e+00    8.67936051e+02
 3.01685265e+02   1.08950000e+01    1.97212811e+00    8.69992439e+02
 3.03467811e+02   1.08950000e+01    1.97421739e+00    8.72043233e+02
 3.05250358e+02   1.08800000e+01    1.97628505e+00    8.74088998e+02
 3.07032904e+02   1.08800000e+01    1.97833142e+00    8.76130300e+02
 3.08815451e+02   1.08800000e+01    1.98035520e+00    8.78167704e+02
 3.10597997e+02   1.08800000e+01    1.98235781e+00    8.80201768e+02
 3.12380544e+02   1.08650000e+01    1.98433987e+00    8.82232698e+02
 3.14163090e+02   1.08650000e+01    1.98630095e+00    8.84260152e+02
 3.15945637e+02   1.08650000e+01    1.98824131e+00    8.86283742e+02
 3.17728183e+02   1.08650000e+01    1.99016166e+00    8.88303081e+02
 3.19510730e+02   1.08500000e+01    1.99206308e+00    8.90317782e+02
 3.21293276e+02   1.08500000e+01    1.99394367e+00    8.92327456e+02
 3.23075823e+02   1.08500000e+01    1.99580491e+00    8.94331716e+02
 3.24858369e+02   1.08500000e+01    1.99764733e+00    8.96330174e+02
 3.26640916e+02   1.08500000e+01    1.99947084e+00    8.98322584e+02
 3.28423462e+02   1.08350000e+01    2.00127526e+00    9.00309295e+02
 3.30206009e+02   1.08350000e+01    2.00306136e+00    9.02290806e+02
 3.31988555e+02   1.08350000e+01    2.00483048e+00    9.04267620e+02
 3.33771102e+02   1.08350000e+01    2.00658050e+00    9.06240239e+02
 3.35553648e+02   1.08200000e+01    2.00831280e+00    9.08209163e+02
 3.37336195e+02   1.08200000e+01    2.01002795e+00    9.10174894e+02
 3.39118741e+02   1.08200000e+01    2.01172591e+00    9.12137933e+02
 3.40901288e+02   1.08200000e+01    2.01340638e+00    9.14098782e+02
 3.42683834e+02   1.08200000e+01    2.01506996e+00    9.16057667e+02
 3.44466381e+02   1.08050000e+01    2.01671803e+00    9.18014231e+02
 3.46248927e+02   1.08050000e+01    2.01834854e+00    9.19968037e+02
 3.48031474e+02   1.08050000e+01    2.01996281e+00    9.21918648e+02
 3.49814020e+02   1.08050000e+01    2.02156131e+00    9.23865628e+02
 3.51596567e+02   1.08050000e+01    2.02314396e+00    9.25808542e+02
 3.53379113e+02   1.07900000e+01    2.02471053e+00    9.27746952e+02
 3.55161660e+02   1.07900000e+01    2.02626164e+00    9.29680423e+02
 3.56944206e+02   1.07900000e+01    2.02779861e+00    9.31608519e+02
 3.58726753e+02   1.07900000e+01    2.02931929e+00    9.33530978e+02
 3.60509299e+02   1.07750000e+01    2.03082504e+00    9.35448068e+02
 3.62291845e+02   1.07750000e+01    2.03231654e+00    9.37360161e+02
 3.64074392e+02   1.07750000e+01    2.03379332e+00    9.39267625e+02
 3.65856938e+02   1.07750000e+01    2.03525548e+00    9.41170829e+02
 3.67639485e+02   1.07750000e+01    2.03670353e+00    9.43070143e+02
 3.69422031e+02   1.07600000e+01    2.03813850e+00    9.44965937e+02
 3.71204578e+02   1.07600000e+01    2.03955852e+00    9.46858580e+02
 3.72987124e+02   1.07600000e+01    2.04096489e+00    9.48748442e+02
 3.74769671e+02   1.07600000e+01    2.04235824e+00    9.50635883e+02
 3.76552217e+02   1.07450000e+01    2.04373773e+00    9.52521048e+02
 3.78334764e+02   1.07450000e+01    2.04510388e+00    9.54403855e+02
 3.80117310e+02   1.07450000e+01    2.04645726e+00    9.56284212e+02
 3.81899857e+02   1.07450000e+01    2.04779833e+00    9.58162025e+02
 3.83682403e+02   1.07450000e+01    2.04912569e+00    9.60037204e+02
 3.85464950e+02   1.07300000e+01    2.05044032e+00    9.61909656e+02
 3.87247496e+02   1.07300000e+01    2.05174312e+00    9.63779288e+02
 3.89030043e+02   1.07300000e+01    2.05303298e+00    9.65646008e+02
 3.90812589e+02   1.07300000e+01    2.05431046e+00    9.67509723e+02
 3.92595136e+02   1.07300000e+01    2.05557648e+00    9.69370343e+02
 3.94377682e+02   1.07150000e+01    2.05683058e+00    9.71227796e+02
 3.96160229e+02   1.07150000e+01    2.05807233e+00    9.73082031e+02
 3.97942775e+02   1.07150000e+01    2.05930236e+00    9.74932999e+02
 3.99725322e+02   1.07150000e+01    2.06052139e+00    9.76780651e+02
 4.01507868e+02   1.07150000e+01    2.06172842e+00    9.78624937e+02
 4.03290415e+02   1.07000000e+01    2.06292392e+00    9.80465809e+02
 4.05072961e+02   1.07000000e+01    2.06410925e+00    9.82303216e+02
 4.06855508e+02   1.07000000e+01    2.06528303e+00    9.84137110e+02
 4.08638054e+02   1.07000000e+01    2.06644562e+00    9.85967442e+02
 4.10420601e+02   1.07000000e+01    2.06759744e+00    9.87794161e+02
 4.12203147e+02   1.06850000e+01    2.06873891e+00    9.89617261e+02
 4.13985694e+02   1.06850000e+01    2.06986942e+00    9.91436887e+02
 4.15768240e+02   1.06850000e+01    2.07098928e+00    9.93253223e+02
 4.17550787e+02   1.06850000e+01    2.07209996e+00    9.95066452e+02
 4.19333333e+02   1.06850000e+01    2.07319947e+00    9.96876756e+02
 4.21115880e+02   1.06700000e+01    2.07428877e+00    9.98684320e+02
 4.22898426e+02   1.06700000e+01    2.07536829e+00    1.00048932e+03
 4.24680973e+02   1.06700000e+01    2.07643805e+00    1.00229195e+03
 4.26463519e+02   1.06700000e+01    2.07749772e+00    1.00409239e+03
 4.28246066e+02   1.06700000e+01    2.07854753e+00    1.00589082e+03
 4.30028612e+02   1.06550000e+01    2.07958886e+00    1.00768742e+03
 4.31811159e+02   1.06550000e+01    2.08061965e+00    1.00948231e+03
 4.33593705e+02   1.06550000e+01    2.08164107e+00    1.01127531e+03
 4.35376252e+02   1.06550000e+01    2.08265353e+00    1.01306622e+03
 4.37158798e+02   1.06550000e+01    2.08365664e+00    1.01485481e+03
 4.38941345e+02   1.06400000e+01    2.08465041e+00    1.01664088e+03
 4.40723891e+02   1.06400000e+01    2.08563519e+00    1.01842421e+03
 4.42506438e+02   1.06400000e+01    2.08661204e+00    1.02020457e+03
 4.44288984e+02   1.06400000e+01    2.08757903e+00    1.02198176e+03
 4.46071531e+02   1.06400000e+01    2.08853727e+00    1.02375555e+03
 4.47854077e+02   1.06250000e+01    2.08948730e+00    1.02552573e+03
 4.49636624e+02   1.06250000e+01    2.09042847e+00    1.02729208e+03
 4.51419170e+02   1.06250000e+01    2.09136109e+00    1.02905441e+03
 4.53201717e+02   1.06250000e+01    2.09228544e+00    1.03081276e+03
 4.54984263e+02   1.06250000e+01    2.09320229e+00    1.03256732e+03
 4.56766810e+02   1.06100000e+01    2.09410999e+00    1.03431834e+03
 4.58549356e+02   1.06100000e+01    2.09500959e+00    1.03606601e+03
 4.60331903e+02   1.06100000e+01    2.09590174e+00    1.03781056e+03
 4.62114449e+02   1.06100000e+01    2.09678545e+00    1.03955220e+03
 4.63896996e+02   1.06100000e+01    2.09766124e+00    1.04129115e+03
 4.65679542e+02   1.06100000e+01    2.09852947e+00    1.04302763e+03
 4.67462089e+02   1.05950000e+01    2.09939053e+00    1.04476186e+03
 4.69244635e+02   1.05950000e+01    2.10024327e+00    1.04649405e+03
 4.71027182e+02   1.05950000e+01    2.10108837e+00    1.04822442e+03
 4.72809728e+02   1.05950000e+01    2.10192658e+00    1.04995317e+03
 4.74592275e+02   1.05950000e+01    2.10275687e+00    1.05168040e+03
 4.76374821e+02   1.05800000e+01    2.10357971e+00    1.05340606e+03
 4.78157368e+02   1.05800000e+01    2.10439562e+00    1.05513014e+03
 4.79939914e+02   1.05800000e+01    2.10520483e+00    1.05685259e+03
 4.81722461e+02   1.05800000e+01    2.10600623e+00    1.05857340e+03
 4.83505007e+02   1.05800000e+01    2.10680048e+00    1.06029253e+03
 4.85287554e+02   1.05650000e+01    2.10758826e+00    1.06200995e+03
 4.87070100e+02   1.05650000e+01    2.10836867e+00    1.06372564e+03
 4.88852647e+02   1.05650000e+01    2.10914218e+00    1.06543955e+03
 4.90635193e+02   1.05650000e+01    2.10990914e+00    1.06715167e+03
 4.92417740e+02   1.05650000e+01    2.11066989e+00    1.06886196e+03
 4.94200286e+02   1.05650000e+01    2.11142328e+00    1.07057040e+03
 4.95982833e+02   1.05500000e+01    2.11216992e+00    1.07227694e+03
 4.97765379e+02   1.05500000e+01    2.11291065e+00    1.07398156e+03
 4.99547926e+02   1.05500000e+01    2.11364441e+00    1.07568419e+03
 5.01330472e+02   1.05500000e+01    2.11437174e+00    1.07738481e+03
 5.03113019e+02   1.05500000e+01    2.11509284e+00    1.07908335e+03
 5.04895565e+02   1.05350000e+01    2.11580826e+00    1.08077979e+03
 5.06678112e+02   1.05350000e+01    2.11651672e+00    1.08247406e+03
 5.08460658e+02   1.05350000e+01    2.11721895e+00    1.08416614e+03
 5.10243205e+02   1.05350000e+01    2.11791556e+00    1.08585596e+03
 5.12025751e+02   1.05350000e+01    2.11860570e+00    1.08754350e+03
 5.13808298e+02   1.05350000e+01    2.11928982e+00    1.08922869e+03
 5.15590844e+02   1.05200000e+01    2.11996790e+00    1.09091150e+03
 5.17373391e+02   1.05200000e+01    2.12064108e+00    1.09259189e+03
 5.19155937e+02   1.05200000e+01    2.12130747e+00    1.09426981e+03
 5.20938484e+02   1.05200000e+01    2.12196808e+00    1.09594533e+03
 5.22721030e+02   1.05200000e+01    2.12262333e+00    1.09761851e+03
 5.24503577e+02   1.05200000e+01    2.12327271e+00    1.09928942e+03
 5.26286123e+02   1.05050000e+01    2.12391634e+00    1.10095813e+03
 5.28068670e+02   1.05050000e+01    2.12455427e+00    1.10262472e+03
 5.29851216e+02   1.05050000e+01    2.12518778e+00    1.10428925e+03
 5.31633763e+02   1.05050000e+01    2.12581482e+00    1.10595181e+03
 5.33416309e+02   1.05050000e+01    2.12643650e+00    1.10761245e+03
 5.35198856e+02   1.04900000e+01    2.12705286e+00    1.10927126e+03
 5.36981402e+02   1.04900000e+01    2.12766418e+00    1.11092829e+03
 5.38763948e+02   1.04900000e+01    2.12826993e+00    1.11258363e+03
 5.40546495e+02   1.04900000e+01    2.12887025e+00    1.11423735e+03
 5.42329041e+02   1.04900000e+01    2.12946634e+00    1.11588951e+03
 5.44111588e+02   1.04900000e+01    2.13005667e+00    1.11754016e+03
 5.45894134e+02   1.04750000e+01    2.13064176e+00    1.11918929e+03
 5.47676681e+02   1.04750000e+01    2.13122181e+00    1.12083686e+03
 5.49459227e+02   1.04750000e+01    2.13179737e+00    1.12248287e+03
 5.51241774e+02   1.04750000e+01    2.13236747e+00    1.12412728e+03
 5.53024320e+02   1.04750000e+01    2.13293259e+00    1.12577006e+03
 5.54806867e+02   1.04750000e+01    2.13349324e+00    1.12741120e+03
 5.56589413e+02   1.04600000e+01    2.13404927e+00    1.12905067e+03
 5.58371960e+02   1.04600000e+01    2.13460007e+00    1.13068845e+03
 5.60154506e+02   1.04600000e+01    2.13514601e+00    1.13232451e+03
 5.61937053e+02   1.04600000e+01    2.13568778e+00    1.13395882e+03
 5.63719599e+02   1.04600000e+01    2.13622447e+00    1.13559137e+03
 5.65502146e+02   1.04600000e+01    2.13675656e+00    1.13722213e+03
 5.67284692e+02   1.04450000e+01    2.13728387e+00    1.13885108e+03
 5.69067239e+02   1.04450000e+01    2.13780774e+00    1.14047819e+03
 5.70849785e+02   1.04450000e+01    2.13832616e+00    1.14210345e+03
 5.72632332e+02   1.04450000e+01    2.13884017e+00    1.14372687e+03
 5.74414878e+02   1.04450000e+01    2.13934985e+00    1.14534843e+03
 5.76197425e+02   1.04450000e+01    2.13985540e+00    1.14696815e+03
 5.77979971e+02   1.04300000e+01    2.14035624e+00    1.14858600e+03
 5.79762518e+02   1.04300000e+01    2.14085268e+00    1.15020199e+03
 5.81545064e+02   1.04300000e+01    2.14134554e+00    1.15181612e+03
 5.83327611e+02   1.04300000e+01    2.14183395e+00    1.15342839e+03
 5.85110157e+02   1.04300000e+01    2.14231791e+00    1.15503878e+03
 5.86892704e+02   1.04300000e+01    2.14279756e+00    1.15664730e+03
 5.88675250e+02   1.04150000e+01    2.14327358e+00    1.15825394e+03
 5.90457797e+02   1.04150000e+01    2.14374510e+00    1.15985871e+03
 5.92240343e+02   1.04150000e+01    2.14421263e+00    1.16146159e+03
 5.94022890e+02   1.04150000e+01    2.14467602e+00    1.16306258e+03
 5.95805436e+02   1.04150000e+01    2.14513641e+00    1.16466169e+03
 5.97587983e+02   1.04150000e+01    2.14559192e+00    1.16625895e+03
 5.99370529e+02   1.04150000e+01    2.14604357e+00    1.16785441e+03
 6.01153076e+02   1.04000000e+01    2.14649132e+00    1.16944811e+03
 6.02935622e+02   1.04000000e+01    2.14693561e+00    1.17104010e+03
 6.04718169e+02   1.04000000e+01    2.14737573e+00    1.17263043e+03
 6.06500715e+02   1.04000000e+01    2.14781195e+00    1.17421914e+03
 6.08283262e+02   1.04000000e+01    2.14824485e+00    1.17580628e+03
 6.10065808e+02   1.04000000e+01    2.14867423e+00    1.17739189e+03
 6.11848355e+02   1.03850000e+01    2.14909937e+00    1.17897602e+03
 6.13630901e+02   1.03850000e+01    2.14952082e+00    1.18055872e+03
 6.15413448e+02   1.03850000e+01    2.14993905e+00    1.18214004e+03
 6.17195994e+02   1.03850000e+01    2.15035345e+00    1.18372001e+03
 6.18978541e+02   1.03850000e+01    2.15076423e+00    1.18529870e+03
 6.20761087e+02   1.03850000e+01    2.15117125e+00    1.18687614e+03
 6.22543634e+02   1.03700000e+01    2.15157558e+00    1.18845237e+03
 6.24326180e+02   1.03700000e+01    2.15197592e+00    1.19002744e+03
 6.26108727e+02   1.03700000e+01    2.15237274e+00    1.19160135e+03
 6.27891273e+02   1.03700000e+01    2.15276600e+00    1.19317407e+03
 6.29673820e+02   1.03700000e+01    2.15315641e+00    1.19474561e+03
 6.31456366e+02   1.03700000e+01    2.15354294e+00    1.19631596e+03
 6.33238913e+02   1.03550000e+01    2.15392611e+00    1.19788510e+03
 6.35021459e+02   1.03550000e+01    2.15430589e+00    1.19945303e+03
 6.36804006e+02   1.03550000e+01    2.15468337e+00    1.20101974e+03
 6.38586552e+02   1.03550000e+01    2.15505671e+00    1.20258523e+03
 6.40369099e+02   1.03550000e+01    2.15542686e+00    1.20414947e+03
 6.42151645e+02   1.03550000e+01    2.15579373e+00    1.20571247e+03
 6.43934192e+02   1.03550000e+01    2.15615792e+00    1.20727422e+03
 6.45716738e+02   1.03400000e+01    2.15651838e+00    1.20883470e+03
 6.47499285e+02   1.03400000e+01    2.15687582e+00    1.21039391e+03
 6.49281831e+02   1.03400000e+01    2.15723007e+00    1.21195185e+03
 6.51064378e+02   1.03400000e+01    2.15758215e+00    1.21350849e+03
 6.52846924e+02   1.03400000e+01    2.15793027e+00    1.21506384e+03
 6.54629471e+02   1.03400000e+01    2.15827542e+00    1.21661790e+03
 6.56412017e+02   1.03400000e+01    2.15861752e+00    1.21817069e+03
 6.58194564e+02   1.03250000e+01    2.15895703e+00    1.21972222e+03
 6.59977110e+02   1.03250000e+01    2.15929319e+00    1.22127251e+03
 6.61759657e+02   1.03250000e+01    2.15962641e+00    1.22282157e+03
 6.63542203e+02   1.03250000e+01    2.15995668e+00    1.22436941e+03
 6.65324750e+02   1.03250000e+01    2.16028491e+00    1.22591606e+03
 6.67107296e+02   1.03250000e+01    2.16060941e+00    1.22746153e+03
 6.68889843e+02   1.03100000e+01    2.16093103e+00    1.22900583e+03
 6.70672389e+02   1.03100000e+01    2.16124987e+00    1.23054898e+03
 6.72454936e+02   1.03100000e+01    2.16156635e+00    1.23209099e+03
 6.74237482e+02   1.03100000e+01    2.16187960e+00    1.23363188e+03
 6.76020029e+02   1.03100000e+01    2.16219010e+00    1.23517166e+03
 6.77802575e+02   1.03100000e+01    2.16249779e+00    1.23671035e+03
 6.79585122e+02   1.03100000e+01    2.16280365e+00    1.23824797e+03
 6.81367668e+02   1.02950000e+01    2.16310587e+00    1.23978452e+03
 6.83150215e+02   1.02950000e+01    2.16340557e+00    1.24132003e+03
 6.84932761e+02   1.02950000e+01    2.16370250e+00    1.24285449e+03
 6.86715308e+02   1.02950000e+01    2.16399730e+00    1.24438789e+03
 6.88497854e+02   1.02950000e+01    2.16428899e+00    1.24592021e+03
 6.90280401e+02   1.02950000e+01    2.16457816e+00    1.24745143e+03
 6.92062947e+02   1.02950000e+01    2.16486457e+00    1.24898155e+03
 6.93845494e+02   1.02800000e+01    2.16514929e+00    1.25051055e+03
 6.95628040e+02   1.02800000e+01    2.16543077e+00    1.25203841e+03
 6.97410587e+02   1.02800000e+01    2.16570977e+00    1.25356511e+03
 6.99193133e+02   1.02800000e+01    2.16598611e+00    1.25509065e+03
 7.00975680e+02   1.02800000e+01    2.16626047e+00    1.25661501e+03
 7.02758226e+02   1.02800000e+01    2.16653192e+00    1.25813817e+03
 7.04540773e+02   1.02800000e+01    2.16680100e+00    1.25966012e+03
 7.06323319e+02   1.02650000e+01    2.16706737e+00    1.26118084e+03
 7.08105866e+02   1.02650000e+01    2.16733214e+00    1.26270032e+03
 7.09888412e+02   1.02650000e+01    2.16759418e+00    1.26421854e+03
 7.11670959e+02   1.02650000e+01    2.16785368e+00    1.26573549e+03
 7.13453505e+02   1.02650000e+01    2.16811069e+00    1.26725116e+03
 7.15236052e+02   1.02650000e+01    2.16836562e+00    1.26876552e+03
 7.17018598e+02   1.02650000e+01    2.16861822e+00    1.27027859e+03
 7.18801144e+02   1.02500000e+01    2.16886827e+00    1.27179036e+03
 7.20583691e+02   1.02500000e+01    2.16911603e+00    1.27330083e+03
 7.22366237e+02   1.02500000e+01    2.16936170e+00    1.27481003e+03
 7.24148784e+02   1.02500000e+01    2.16960565e+00    1.27631795e+03
 7.25931330e+02   1.02500000e+01    2.16984670e+00    1.27782460e+03
 7.27713877e+02   1.02500000e+01    2.17008557e+00    1.27932999e+03
 7.29496423e+02   1.02500000e+01    2.17032217e+00    1.28083413e+03
 7.33061516e+02   1.02350000e+01    2.17078922e+00    1.28383865e+03
 7.34844063e+02   1.02350000e+01    2.17101939e+00    1.28533906e+03
 7.36626609e+02   1.02350000e+01    2.17124723e+00    1.28683823e+03
 7.38409156e+02   1.02350000e+01    2.17147381e+00    1.28833618e+03
 7.40191702e+02   1.02350000e+01    2.17169766e+00    1.28983292e+03
 7.41974249e+02   1.02350000e+01    2.17191940e+00    1.29132844e+03
 7.43756795e+02   1.02350000e+01    2.17213894e+00    1.29282276e+03
 7.45539342e+02   1.02200000e+01    2.17235665e+00    1.29431588e+03
 7.47321888e+02   1.02200000e+01    2.17257230e+00    1.29580782e+03
 7.49104435e+02   1.02200000e+01    2.17278581e+00    1.29729857e+03
 7.50886981e+02   1.02200000e+01    2.17299720e+00    1.29878815e+03
 7.52669528e+02   1.02200000e+01    2.17320671e+00    1.30027658e+03
 7.54452074e+02   1.02200000e+01    2.17341485e+00    1.30176388e+03
 7.56234621e+02   1.02200000e+01    2.17362032e+00    1.30325007e+03
 7.58017167e+02   1.02050000e+01    2.17382380e+00    1.30473516e+03
 7.59799714e+02   1.02050000e+01    2.17402533e+00    1.30621916e+03
 7.61582260e+02   1.02050000e+01    2.17422543e+00    1.30770211e+03
 7.63364807e+02   1.02050000e+01    2.17442316e+00    1.30918400e+03
 7.65147353e+02   1.02050000e+01    2.17461906e+00    1.31066487e+03
 7.66929900e+02   1.02050000e+01    2.17481288e+00    1.31214473e+03
 7.68712446e+02   1.02050000e+01    2.17500539e+00    1.31362360e+03
 7.70494993e+02   1.02050000e+01    2.17519596e+00    1.31510148e+03
 7.72277539e+02   1.01900000e+01    2.17538429e+00    1.31657841e+03
 7.74060086e+02   1.01900000e+01    2.17557083e+00    1.31805440e+03
 7.75842632e+02   1.01900000e+01    2.17575555e+00    1.31952947e+03
 7.77625179e+02   1.01900000e+01    2.17593886e+00    1.32100362e+03
 7.79407725e+02   1.01900000e+01    2.17611995e+00    1.32247689e+03
 7.81190272e+02   1.01900000e+01    2.17629932e+00    1.32394929e+03
 7.82972818e+02   1.01900000e+01    2.17647673e+00    1.32542083e+03
 7.86537911e+02   1.01750000e+01    2.17682730e+00    1.32836137e+03
 7.88320458e+02   1.01750000e+01    2.17699970e+00    1.32983036e+03
 7.90103004e+02   1.01750000e+01    2.17717028e+00    1.33129849e+03
 7.91885551e+02   1.01750000e+01    2.17733924e+00    1.33276576e+03
 7.93668097e+02   1.01750000e+01    2.17750676e+00    1.33423216e+03
 7.95450644e+02   1.01750000e+01    2.17767228e+00    1.33569769e+03
 7.97233190e+02   1.01750000e+01    2.17783615e+00    1.33716234e+03
 7.99015737e+02   1.01600000e+01    2.17799810e+00    1.33862611e+03
 8.00798283e+02   1.01600000e+01    2.17815931e+00    1.34008900e+03
 8.02580830e+02   1.01600000e+01    2.17831831e+00    1.34155099e+03
 8.04363376e+02   1.01600000e+01    2.17847566e+00    1.34301209e+03
 8.06145923e+02   1.01600000e+01    2.17863127e+00    1.34447228e+03
 8.07928469e+02   1.01600000e+01    2.17878538e+00    1.34593158e+03
 8.09711016e+02   1.01600000e+01    2.17893813e+00    1.34738996e+03
 8.13276109e+02   1.01450000e+01    2.17923825e+00    1.35030399e+03
 8.15058655e+02   1.01450000e+01    2.17938585e+00    1.35175962e+03
 8.16841202e+02   1.01450000e+01    2.17953266e+00    1.35321432e+03
 8.18623748e+02   1.01450000e+01    2.17967745e+00    1.35466810e+03
 8.20406295e+02   1.01450000e+01    2.17982065e+00    1.35612093e+03
 8.22188841e+02   1.01450000e+01    2.17996224e+00    1.35757284e+03
 8.23971388e+02   1.01450000e+01    2.18010233e+00    1.35902382e+03
 8.27536481e+02   1.01300000e+01    2.18037828e+00    1.36192302e+03
 8.29319027e+02   1.01300000e+01    2.18051396e+00    1.36337124e+03
 8.31101574e+02   1.01300000e+01    2.18064799e+00    1.36481856e+03
 8.32884120e+02   1.01300000e+01    2.18078116e+00    1.36626498e+03
 8.34666667e+02   1.01300000e+01    2.18091271e+00    1.36771051e+03
 8.36449213e+02   1.01300000e+01    2.18104258e+00    1.36915514e+03
 8.38231760e+02   1.01300000e+01    2.18117100e+00    1.37059888e+03
 8.41796853e+02   1.01150000e+01    2.18142380e+00    1.37348374e+03
 8.43579399e+02   1.01150000e+01    2.18154794e+00    1.37492485e+03
 8.45361946e+02   1.01150000e+01    2.18167078e+00    1.37636510e+03
 8.47144492e+02   1.01150000e+01    2.18179211e+00    1.37780449e+03
 8.48927039e+02   1.01150000e+01    2.18191228e+00    1.37924303e+03
 8.50709585e+02   1.01150000e+01    2.18203153e+00    1.38068071e+03
 8.52492132e+02   1.01150000e+01    2.18214883e+00    1.38211755e+03
 8.56057225e+02   1.01000000e+01    2.18237936e+00    1.38498870e+03
 8.57839771e+02   1.01000000e+01    2.18249294e+00    1.38642303e+03
 8.59622318e+02   1.01000000e+01    2.18260504e+00    1.38785655e+03
 8.61404864e+02   1.01000000e+01    2.18271577e+00    1.38928926e+03
 8.63187411e+02   1.01000000e+01    2.18282518e+00    1.39072118e+03
 8.64969957e+02   1.01000000e+01    2.18293316e+00    1.39215234e+03
 8.66752504e+02   1.01000000e+01    2.18304063e+00    1.39358276e+03
 8.70317597e+02   1.00850000e+01    2.18325052e+00    1.39644141e+03
 8.72100143e+02   1.00850000e+01    2.18335356e+00    1.39786969e+03
 8.73882690e+02   1.00850000e+01    2.18345533e+00    1.39929729e+03
 8.75665236e+02   1.00850000e+01    2.18355625e+00    1.40072423e+03
 8.77447783e+02   1.00850000e+01    2.18365552e+00    1.40215053e+03
 8.79230329e+02   1.00850000e+01    2.18375366e+00    1.40357621e+03
 8.81012876e+02   1.00850000e+01    2.18385046e+00    1.40500128e+03
 8.86360515e+02   1.00700000e+01    2.18413445e+00    1.40927305e+03
 8.88143062e+02   1.00700000e+01    2.18422660e+00    1.41069588e+03
 8.89925608e+02   1.00700000e+01    2.18431747e+00    1.41211820e+03
 8.91708155e+02   1.00700000e+01    2.18440740e+00    1.41354002e+03
 8.93490701e+02   1.00700000e+01    2.18449617e+00    1.41496136e+03
 8.95273247e+02   1.00700000e+01    2.18458361e+00    1.41638223e+03
 8.97055794e+02   1.00700000e+01    2.18466993e+00    1.41780266e+03
 9.00620887e+02   1.00550000e+01    2.18483933e+00    1.42064211e+03
 9.02403433e+02   1.00550000e+01    2.18492249e+00    1.42206100e+03
 9.04185980e+02   1.00550000e+01    2.18500429e+00    1.42347923e+03
 9.05968526e+02   1.00550000e+01    2.18508499e+00    1.42489673e+03
 9.07751073e+02   1.00550000e+01    2.18516450e+00    1.42631343e+03
 9.09533619e+02   1.00550000e+01    2.18524329e+00    1.42772926e+03
 9.13098712e+02   1.00550000e+01    2.18539702e+00    1.43055801e+03
 9.16663805e+02   1.00400000e+01    2.18554620e+00    1.43338242e+03
 9.18446352e+02   1.00400000e+01    2.18561986e+00    1.43479281e+03
 9.20228898e+02   1.00400000e+01    2.18569204e+00    1.43620189e+03
 9.22011445e+02   1.00400000e+01    2.18576308e+00    1.43760960e+03
 9.23793991e+02   1.00400000e+01    2.18583306e+00    1.43901587e+03
 9.25576538e+02   1.00400000e+01    2.18590193e+00    1.44042061e+03
 9.32706724e+02   1.00250000e+01    2.18616773e+00    1.44602296e+03
 9.34489270e+02   1.00250000e+01    2.18623147e+00    1.44741903e+03
 9.36271817e+02   1.00250000e+01    2.18629490e+00    1.44881315e+03
 9.38054363e+02   1.00250000e+01    2.18635691e+00    1.45020524e+03
 9.39836910e+02   1.00250000e+01    2.18641786e+00    1.45159527e+03
 9.48749642e+02   1.00100000e+01    2.18670818e+00    1.45851889e+03
 9.50532189e+02   1.00100000e+01    2.18676339e+00    1.45989941e+03
 9.52314735e+02   1.00100000e+01    2.18681750e+00    1.46127889e+03
 9.54097282e+02   1.00100000e+01    2.18687128e+00    1.46265749e+03
 9.55879828e+02   1.00100000e+01    2.18692390e+00    1.46403537e+03
 9.57662375e+02   1.00100000e+01    2.18697539e+00    1.46541268e+03
 9.64792561e+02   9.99500000e+00    2.18717248e+00    1.47091938e+03
 9.66575107e+02   9.99500000e+00    2.18721949e+00    1.47229620e+03
 9.68357654e+02   9.99500000e+00    2.18726564e+00    1.47367340e+03
 9.70140200e+02   9.99500000e+00    2.18731078e+00    1.47505112e+03
 9.71922747e+02   9.99500000e+00    2.18735538e+00    1.47642952e+03
 9.73705293e+02   9.99500000e+00    2.18739933e+00    1.47780877e+03
 9.80835479e+02   9.98000000e+00    2.18756472e+00    1.48333728e+03
 9.82618026e+02   9.98000000e+00    2.18760429e+00    1.48472308e+03
 9.84400572e+02   9.98000000e+00    2.18764267e+00    1.48611056e+03
 9.86183119e+02   9.98000000e+00    2.18768030e+00    1.48749959e+03
 9.87965665e+02   9.98000000e+00    2.18771705e+00    1.48889004e+03
 9.89748212e+02   9.98000000e+00    2.18775293e+00    1.49028174e+03
 1.17156795e+03   9.83000000e+00    2.18788732e+00    1.62853035e+03
 9.98660944e+02   9.96500000e+00    2.18792102e+00    1.49725386e+03
 1.00044349e+03   9.96500000e+00    2.18795242e+00    1.49864995e+03
 1.00222604e+03   9.96500000e+00    2.18798278e+00    1.50004625e+03
 1.00400858e+03   9.96500000e+00    2.18801233e+00    1.50144261e+03
 1.00579113e+03   9.96500000e+00    2.18804112e+00    1.50283887e+03
 1.00757368e+03   9.96500000e+00    2.18806901e+00    1.50423490e+03
 1.15195994e+03   9.84500000e+00    2.18815261e+00    1.61382231e+03
 1.15017740e+03   9.84500000e+00    2.18817369e+00    1.61247992e+03
 1.01648641e+03   9.95000000e+00    2.18819801e+00    1.51120610e+03
 1.01826896e+03   9.95000000e+00    2.18822140e+00    1.51259751e+03
 1.02005150e+03   9.95000000e+00    2.18824440e+00    1.51398763e+03
 1.02183405e+03   9.95000000e+00    2.18826627e+00    1.51537630e+03
 1.02361660e+03   9.95000000e+00    2.18828747e+00    1.51676337e+03
 1.02539914e+03   9.95000000e+00    2.18830796e+00    1.51814871e+03
 1.13413448e+03   9.86000000e+00    2.18834381e+00    1.60038760e+03
 1.13235193e+03   9.86000000e+00    2.18836030e+00    1.59904448e+03
 1.13056938e+03   9.86000000e+00    2.18837633e+00    1.59770179e+03
 1.03609442e+03   9.93500000e+00    2.18841609e+00    1.52641974e+03
 1.03787697e+03   9.93500000e+00    2.18843159e+00    1.52779158e+03
 1.03965951e+03   9.93500000e+00    2.18844665e+00    1.52916163e+03
 1.04144206e+03   9.93500000e+00    2.18846066e+00    1.53052991e+03
 1.11452647e+03   9.87500000e+00    2.18849634e+00    1.58564763e+03
 1.11274392e+03   9.87500000e+00    2.18850713e+00    1.58431141e+03
 1.11096137e+03   9.87500000e+00    2.18851738e+00    1.58297561e+03
 1.05391989e+03   9.92000000e+00    2.18854073e+00    1.54006191e+03
 1.05570243e+03   9.92000000e+00    2.18854941e+00    1.54141753e+03
 1.05748498e+03   9.92000000e+00    2.18855750e+00    1.54277173e+03
 1.05926753e+03   9.92000000e+00    2.18856519e+00    1.54412457e+03
 1.06105007e+03   9.92000000e+00    2.18857189e+00    1.54547608e+03
 1.09670100e+03   9.89000000e+00    2.18857909e+00    1.57229613e+03
 1.09491845e+03   9.89000000e+00    2.18858444e+00    1.57096108e+03
 1.09313591e+03   9.89000000e+00    2.18858916e+00    1.56962579e+03
 1.09135336e+03   9.89000000e+00    2.18859330e+00    1.56829018e+03
 1.07352790e+03   9.90500000e+00    2.18860200e+00    1.55490276e+03
 1.07531044e+03   9.90500000e+00    2.18860375e+00    1.55624505e+03
 1.07709299e+03   9.90500000e+00    2.18860489e+00    1.55758638e+03
 1.07887554e+03   9.90500000e+00    2.18860576e+00    1.55892681e+03
