Stellar Sequence
Central Pressure Range = 1.5 to 425 MeVfm^3
Number of Stars = 700
h = 15 meters
r0 = 5 meters
      P_MeV/fm3             R_km         M_M_solar     Energy Density
 1.50000000e+00   1.48100000e+01    1.56958094e-01    1.09927582e+02
 2.10586552e+00   1.36400000e+01    2.06266305e-01    1.22623721e+02
 2.71173104e+00   1.31750000e+01    2.51625111e-01    1.33144116e+02
 3.31759657e+00   1.29500000e+01    2.93843001e-01    1.42275384e+02
 3.92346209e+00   1.28450000e+01    3.33448021e-01    1.50400172e+02
 4.52932761e+00   1.27850000e+01    3.70817677e-01    1.57803478e+02
 5.13519313e+00   1.27700000e+01    4.06242791e-01    1.64653228e+02
 5.74105866e+00   1.27550000e+01    4.39957312e-01    1.71037020e+02
 6.34692418e+00   1.27550000e+01    4.72125112e-01    1.76999279e+02
 6.95278970e+00   1.27700000e+01    5.02902863e-01    1.82686628e+02
 7.55865522e+00   1.27850000e+01    5.32416434e-01    1.88039213e+02
 8.16452074e+00   1.28000000e+01    5.60765486e-01    1.93193269e+02
 8.77038627e+00   1.28150000e+01    5.88047709e-01    1.98102630e+02
 9.37625179e+00   1.28450000e+01    6.14335067e-01    2.02856391e+02
 9.98211731e+00   1.28600000e+01    6.39702273e-01    2.07409264e+02
 1.05879828e+01   1.28750000e+01    6.64208160e-01    2.11844249e+02
 1.11938484e+01   1.28900000e+01    6.87907332e-01    2.16112091e+02
 1.17997139e+01   1.29200000e+01    7.10851872e-01    2.20276405e+02
 1.24055794e+01   1.29350000e+01    7.33079739e-01    2.24322564e+02
 1.30114449e+01   1.29500000e+01    7.54640408e-01    2.28256339e+02
 1.36173104e+01   1.29650000e+01    7.75563465e-01    2.32112637e+02
 1.42231760e+01   1.29800000e+01    7.95882804e-01    2.35860891e+02
 1.48290415e+01   1.29950000e+01    8.15632827e-01    2.39534256e+02
 1.54349070e+01   1.30100000e+01    8.34837465e-01    2.43143333e+02
 1.60407725e+01   1.30250000e+01    8.53524602e-01    2.46657551e+02
 1.66466381e+01   1.30400000e+01    8.71719163e-01    2.50117384e+02
 1.72525036e+01   1.30400000e+01    8.89442551e-01    2.53524609e+02
 1.78583691e+01   1.30550000e+01    9.06715106e-01    2.56850411e+02
 1.84642346e+01   1.30700000e+01    9.23557708e-01    2.60131658e+02
 1.90701001e+01   1.30700000e+01    9.39986676e-01    2.63369859e+02
 1.96759657e+01   1.30850000e+01    9.56019778e-01    2.66541222e+02
 2.02818312e+01   1.31000000e+01    9.71674802e-01    2.69670900e+02
 2.08876967e+01   1.31000000e+01    9.86963947e-01    2.72762202e+02
 2.14935622e+01   1.31150000e+01    1.00190113e+00    2.75807943e+02
 2.20994278e+01   1.31150000e+01    1.01650156e+00    2.78805767e+02
 2.27052933e+01   1.31300000e+01    1.03077707e+00    2.81772912e+02
 2.33111588e+01   1.31300000e+01    1.04473859e+00    2.84703986e+02
 2.39170243e+01   1.31450000e+01    1.05839731e+00    2.87594834e+02
 2.45228898e+01   1.31450000e+01    1.07176549e+00    2.90451316e+02
 2.51287554e+01   1.31450000e+01    1.08485180e+00    2.93281251e+02
 2.57346209e+01   1.31600000e+01    1.09766507e+00    2.96079418e+02
 2.63404864e+01   1.31600000e+01    1.11021510e+00    2.98841312e+02
 2.69463519e+01   1.31600000e+01    1.12251114e+00    3.01578145e+02
 2.75522175e+01   1.31750000e+01    1.13456091e+00    3.04290030e+02
 2.81580830e+01   1.31750000e+01    1.14637207e+00    3.06974393e+02
 2.87639485e+01   1.31750000e+01    1.15795235e+00    3.09630707e+02
 2.93698140e+01   1.31750000e+01    1.16930887e+00    3.12262912e+02
 2.99756795e+01   1.31750000e+01    1.18044779e+00    3.14874174e+02
 3.05815451e+01   1.31900000e+01    1.19137554e+00    3.17462765e+02
 3.11874106e+01   1.31900000e+01    1.20209873e+00    3.20025467e+02
 3.17932761e+01   1.31900000e+01    1.21262327e+00    3.22567404e+02
 3.23991416e+01   1.31900000e+01    1.22295583e+00    3.25091095e+02
 3.30050072e+01   1.31900000e+01    1.23310004e+00    3.27595003e+02
 3.36108727e+01   1.31900000e+01    1.24306164e+00    3.30077184e+02
 3.42167382e+01   1.31900000e+01    1.25284696e+00    3.32540467e+02
 3.48226037e+01   1.31900000e+01    1.26245932e+00    3.34986759e+02
 3.54284692e+01   1.31900000e+01    1.27190453e+00    3.37416010e+02
 3.60343348e+01   1.31900000e+01    1.28118570e+00    3.39827272e+02
 3.66402003e+01   1.31900000e+01    1.29030837e+00    3.42221271e+02
 3.72460658e+01   1.31900000e+01    1.29927562e+00    3.44599320e+02
 3.78519313e+01   1.32050000e+01    1.30809257e+00    3.46962151e+02
 3.84577969e+01   1.31900000e+01    1.31676150e+00    3.49309731e+02
 3.90636624e+01   1.32050000e+01    1.32528812e+00    3.51642019e+02
 3.96695279e+01   1.31900000e+01    1.33367441e+00    3.53959668e+02
 4.02753934e+01   1.31900000e+01    1.34192438e+00    3.56263254e+02
 4.08812589e+01   1.31900000e+01    1.35004131e+00    3.58553200e+02
 4.14871245e+01   1.31900000e+01    1.35802788e+00    3.60829778e+02
 4.20929900e+01   1.31900000e+01    1.36588838e+00    3.63093268e+02
 4.26988555e+01   1.31900000e+01    1.37362468e+00    3.65343998e+02
 4.33047210e+01   1.31900000e+01    1.38124030e+00    3.67582156e+02
 4.39105866e+01   1.31900000e+01    1.38873726e+00    3.69807933e+02
 4.45164521e+01   1.31900000e+01    1.39611964e+00    3.72021974e+02
 4.51223176e+01   1.31900000e+01    1.40338889e+00    3.74224822e+02
 4.57281831e+01   1.31900000e+01    1.41054777e+00    3.76416444e+02
 4.63340486e+01   1.31900000e+01    1.41759819e+00    3.78596726e+02
 4.69399142e+01   1.31900000e+01    1.42454446e+00    3.80765595e+02
 4.75457797e+01   1.31900000e+01    1.43138712e+00    3.82923729e+02
 4.81516452e+01   1.31750000e+01    1.43812894e+00    3.85072405e+02
 4.87575107e+01   1.31750000e+01    1.44477199e+00    3.87211575e+02
 4.93633763e+01   1.31750000e+01    1.45131783e+00    3.89340365e+02
 4.99692418e+01   1.31750000e+01    1.45776957e+00    3.91458800e+02
 5.05751073e+01   1.31750000e+01    1.46412908e+00    3.93567443e+02
 5.11809728e+01   1.31750000e+01    1.47039779e+00    3.95667058e+02
 5.17868383e+01   1.31750000e+01    1.47657754e+00    3.97758382e+02
 5.23927039e+01   1.31600000e+01    1.48267017e+00    3.99841012e+02
 5.29985694e+01   1.31600000e+01    1.48867787e+00    4.01914075e+02
 5.36044349e+01   1.31600000e+01    1.49460193e+00    4.03977965e+02
 5.42103004e+01   1.31600000e+01    1.50044406e+00    4.06033781e+02
 5.48161660e+01   1.31600000e+01    1.50620580e+00    4.08081961e+02
 5.54220315e+01   1.31600000e+01    1.51188887e+00    4.10122423e+02
 5.60278970e+01   1.31450000e+01    1.51749494e+00    4.12154781e+02
 5.66337625e+01   1.31450000e+01    1.52302524e+00    4.14178346e+02
 5.72396280e+01   1.31450000e+01    1.52848177e+00    4.16193306e+02
 5.78454936e+01   1.31450000e+01    1.53386549e+00    4.18201424e+02
 5.84513591e+01   1.31450000e+01    1.53917780e+00    4.20203923e+02
 5.90572246e+01   1.31300000e+01    1.54442000e+00    4.22199660e+02
 5.96630901e+01   1.31300000e+01    1.54959343e+00    4.24187207e+02
 6.02689557e+01   1.31300000e+01    1.55469937e+00    4.26166781e+02
 6.08748212e+01   1.31300000e+01    1.55973909e+00    4.28139363e+02
 6.14806867e+01   1.31300000e+01    1.56471380e+00    4.30105620e+02
 6.20865522e+01   1.31150000e+01    1.56962462e+00    4.32065869e+02
 6.26924177e+01   1.31150000e+01    1.57447276e+00    4.34020121e+02
 6.32982833e+01   1.31150000e+01    1.57925929e+00    4.35967509e+02
 6.39041488e+01   1.31150000e+01    1.58398535e+00    4.37907153e+02
 6.45100143e+01   1.31150000e+01    1.58865198e+00    4.39839864e+02
 6.51158798e+01   1.31000000e+01    1.59326050e+00    4.41767528e+02
 6.57217454e+01   1.31000000e+01    1.59781169e+00    4.43691034e+02
 6.63276109e+01   1.31000000e+01    1.60230637e+00    4.45609034e+02
 6.69334764e+01   1.31000000e+01    1.60674579e+00    4.47520029e+02
 6.75393419e+01   1.31000000e+01    1.61113078e+00    4.49424137e+02
 6.81452074e+01   1.30850000e+01    1.61546212e+00    4.51322460e+02
 6.87510730e+01   1.30850000e+01    1.61974084e+00    4.53215833e+02
 6.93569385e+01   1.30850000e+01    1.62396773e+00    4.55104269e+02
 6.99628040e+01   1.30850000e+01    1.62814368e+00    4.56987632e+02
 7.05686695e+01   1.30700000e+01    1.63226973e+00    4.58865622e+02
 7.11745351e+01   1.30700000e+01    1.63634667e+00    4.60737767e+02
 7.17804006e+01   1.30700000e+01    1.64037513e+00    4.62603749e+02
 7.23862661e+01   1.30700000e+01    1.64435585e+00    4.64464359e+02
 7.29921316e+01   1.30550000e+01    1.64828968e+00    4.66320863e+02
 7.35979971e+01   1.30550000e+01    1.65217743e+00    4.68173950e+02
 7.42038627e+01   1.30550000e+01    1.65602029e+00    4.70022512e+02
 7.48097282e+01   1.30550000e+01    1.65981845e+00    4.71865107e+02
 7.54155937e+01   1.30400000e+01    1.66357257e+00    4.73701363e+02
 7.60214592e+01   1.30400000e+01    1.66728333e+00    4.75532704e+02
 7.66273247e+01   1.30400000e+01    1.67095137e+00    4.77360688e+02
 7.72331903e+01   1.30400000e+01    1.67457802e+00    4.79185592e+02
 7.78390558e+01   1.30250000e+01    1.67816311e+00    4.81006280e+02
 7.84449213e+01   1.30250000e+01    1.68170737e+00    4.82821605e+02
 7.90507868e+01   1.30250000e+01    1.68521161e+00    4.84631494e+02
 7.96566524e+01   1.30250000e+01    1.68867698e+00    4.86436789e+02
 8.02625179e+01   1.30100000e+01    1.69210355e+00    4.88238316e+02
 8.08683834e+01   1.30100000e+01    1.69549179e+00    4.90036267e+02
 8.14742489e+01   1.30100000e+01    1.69884211e+00    4.91830354e+02
 8.20801144e+01   1.30100000e+01    1.70215566e+00    4.93620288e+02
 8.26859800e+01   1.29950000e+01    1.70543255e+00    4.95405939e+02
 8.32918455e+01   1.29950000e+01    1.70867323e+00    4.97187296e+02
 8.38977110e+01   1.29950000e+01    1.71187855e+00    4.98964366e+02
 8.45035765e+01   1.29950000e+01    1.71504931e+00    5.00737380e+02
 8.51094421e+01   1.29800000e+01    1.71818573e+00    5.02506787e+02
 8.57153076e+01   1.29800000e+01    1.72128781e+00    5.04273034e+02
 8.63211731e+01   1.29800000e+01    1.72435659e+00    5.06036115e+02
 8.69270386e+01   1.29800000e+01    1.72739242e+00    5.07795417e+02
 8.75329041e+01   1.29650000e+01    1.73039540e+00    5.09550285e+02
 8.81387697e+01   1.29650000e+01    1.73336657e+00    5.11300514e+02
 8.87446352e+01   1.29650000e+01    1.73630649e+00    5.13046942e+02
 8.93505007e+01   1.29650000e+01    1.73921525e+00    5.14790551e+02
 8.99563662e+01   1.29500000e+01    1.74209286e+00    5.16532049e+02
 9.05622318e+01   1.29500000e+01    1.74494059e+00    5.18270770e+02
 9.11680973e+01   1.29500000e+01    1.74775812e+00    5.20005631e+02
 9.17739628e+01   1.29350000e+01    1.75054604e+00    5.21735633e+02
 9.23798283e+01   1.29350000e+01    1.75330547e+00    5.23461072e+02
 9.29856938e+01   1.29350000e+01    1.75603631e+00    5.25183217e+02
 9.35915594e+01   1.29350000e+01    1.75873850e+00    5.26903358e+02
 9.41974249e+01   1.29350000e+01    1.76141306e+00    5.28622025e+02
 9.48032904e+01   1.29200000e+01    1.76405986e+00    5.30338137e+02
 9.54091559e+01   1.29200000e+01    1.76667933e+00    5.32050408e+02
 9.60150215e+01   1.29200000e+01    1.76927255e+00    5.33757750e+02
 9.66208870e+01   1.29050000e+01    1.77183935e+00    5.35460706e+02
 9.72267525e+01   1.29050000e+01    1.77437973e+00    5.37160623e+02
 9.78326180e+01   1.29050000e+01    1.77689472e+00    5.38858847e+02
 9.84384835e+01   1.29050000e+01    1.77938405e+00    5.40555918e+02
 9.90443491e+01   1.28900000e+01    1.78184805e+00    5.42250791e+02
 9.96502146e+01   1.28900000e+01    1.78428796e+00    5.43942233e+02
 1.00256080e+02   1.28900000e+01    1.78670342e+00    5.45629129e+02
 1.00861946e+02   1.28900000e+01    1.78909423e+00    5.47311746e+02
 1.01467811e+02   1.28750000e+01    1.79146183e+00    5.48991263e+02
 1.02073677e+02   1.28750000e+01    1.79380545e+00    5.50668874e+02
 1.02679542e+02   1.28750000e+01    1.79612612e+00    5.52345401e+02
 1.03285408e+02   1.28750000e+01    1.79842423e+00    5.54020163e+02
 1.03891273e+02   1.28600000e+01    1.80069935e+00    5.55692105e+02
 1.04497139e+02   1.28600000e+01    1.80295216e+00    5.57360178e+02
 1.05103004e+02   1.28600000e+01    1.80518297e+00    5.59024030e+02
 1.05708870e+02   1.28450000e+01    1.80739167e+00    5.60684572e+02
 1.06314735e+02   1.28450000e+01    1.80957951e+00    5.62342850e+02
 1.06920601e+02   1.28450000e+01    1.81174613e+00    5.63999877e+02
 1.07526466e+02   1.28450000e+01    1.81389121e+00    5.65655738e+02
 1.08132332e+02   1.28300000e+01    1.81601612e+00    5.67309523e+02
 1.08738197e+02   1.28300000e+01    1.81812002e+00    5.68960275e+02
 1.09344063e+02   1.28300000e+01    1.82020406e+00    5.70607107e+02
 1.09949928e+02   1.28300000e+01    1.82226838e+00    5.72250180e+02
 1.10555794e+02   1.28150000e+01    1.82431253e+00    5.73890455e+02
 1.11161660e+02   1.28150000e+01    1.82633750e+00    5.75528911e+02
 1.11767525e+02   1.28150000e+01    1.82834295e+00    5.77166442e+02
 1.12373391e+02   1.28150000e+01    1.83032929e+00    5.78802861e+02
 1.12979256e+02   1.28000000e+01    1.83229738e+00    5.80437264e+02
 1.13585122e+02   1.28000000e+01    1.83424665e+00    5.82068738e+02
 1.14190987e+02   1.28000000e+01    1.83617744e+00    5.83696446e+02
 1.14796853e+02   1.28000000e+01    1.83809012e+00    5.85320580e+02
 1.15402718e+02   1.27850000e+01    1.83998452e+00    5.86942048e+02
 1.16008584e+02   1.27850000e+01    1.84186186e+00    5.88561772e+02
 1.16614449e+02   1.27850000e+01    1.84372171e+00    5.90180626e+02
 1.17220315e+02   1.27850000e+01    1.84556380e+00    5.91798620e+02
 1.17826180e+02   1.27700000e+01    1.84738905e+00    5.93414978e+02
 1.18432046e+02   1.27700000e+01    1.84919697e+00    5.95028896e+02
 1.19037911e+02   1.27700000e+01    1.85098870e+00    5.96639584e+02
 1.19643777e+02   1.27700000e+01    1.85276388e+00    5.98246850e+02
 1.20249642e+02   1.27550000e+01    1.85452220e+00    5.99851346e+02
 1.20855508e+02   1.27550000e+01    1.85626497e+00    6.01453790e+02
 1.21461373e+02   1.27550000e+01    1.85799122e+00    6.03054897e+02
 1.22067239e+02   1.27400000e+01    1.85970215e+00    6.04655093e+02
 1.22673104e+02   1.27400000e+01    1.86139750e+00    6.06253981e+02
 1.23278970e+02   1.27400000e+01    1.86307691e+00    6.07851016e+02
 1.23884835e+02   1.27400000e+01    1.86474161e+00    6.09445654e+02
 1.24490701e+02   1.27250000e+01    1.86639059e+00    6.11037428e+02
 1.25096567e+02   1.27250000e+01    1.86802515e+00    6.12626484e+02
 1.25702432e+02   1.27250000e+01    1.86964500e+00    6.14213252e+02
 1.26308298e+02   1.27250000e+01    1.87124981e+00    6.15798164e+02
 1.26914163e+02   1.27100000e+01    1.87284061e+00    6.17381645e+02
 1.27520029e+02   1.27100000e+01    1.87441665e+00    6.18963850e+02
 1.28125894e+02   1.27100000e+01    1.87597898e+00    6.20544554e+02
 1.28731760e+02   1.27100000e+01    1.87752741e+00    6.22123504e+02
 1.29337625e+02   1.26950000e+01    1.87906153e+00    6.23700445e+02
 1.29943491e+02   1.26950000e+01    1.88058246e+00    6.25275168e+02
 1.30549356e+02   1.26950000e+01    1.88208937e+00    6.26847716e+02
 1.31155222e+02   1.26950000e+01    1.88358329e+00    6.28418223e+02
 1.31761087e+02   1.26800000e+01    1.88506403e+00    6.29986824e+02
 1.32366953e+02   1.26800000e+01    1.88653127e+00    6.31553653e+02
 1.32972818e+02   1.26800000e+01    1.88798597e+00    6.33118812e+02
 1.33578684e+02   1.26800000e+01    1.88942740e+00    6.34682346e+02
 1.34184549e+02   1.26650000e+01    1.89085649e+00    6.36244293e+02
 1.34790415e+02   1.26650000e+01    1.89227315e+00    6.37804692e+02
 1.35396280e+02   1.26650000e+01    1.89367693e+00    6.39363575e+02
 1.36002146e+02   1.26650000e+01    1.89506884e+00    6.40920864e+02
 1.36608011e+02   1.26500000e+01    1.89644810e+00    6.42476406e+02
 1.37213877e+02   1.26500000e+01    1.89781575e+00    6.44030047e+02
 1.37819742e+02   1.26500000e+01    1.89917157e+00    6.45581631e+02
 1.38425608e+02   1.26500000e+01    1.90051513e+00    6.47131056e+02
 1.39031474e+02   1.26350000e+01    1.90184740e+00    6.48678520e+02
 1.39637339e+02   1.26350000e+01    1.90316775e+00    6.50224326e+02
 1.40243205e+02   1.26350000e+01    1.90447707e+00    6.51768775e+02
 1.40849070e+02   1.26350000e+01    1.90577515e+00    6.53312173e+02
 1.41454936e+02   1.26200000e+01    1.90706151e+00    6.54854698e+02
 1.42060801e+02   1.26200000e+01    1.90833724e+00    6.56396098e+02
 1.42666667e+02   1.26200000e+01    1.90960156e+00    6.57936025e+02
 1.43272532e+02   1.26200000e+01    1.91085543e+00    6.59474132e+02
 1.43878398e+02   1.26050000e+01    1.91209855e+00    6.61010069e+02
 1.44484263e+02   1.26050000e+01    1.91333060e+00    6.62543657e+02
 1.45090129e+02   1.26050000e+01    1.91455253e+00    6.64075180e+02
 1.45695994e+02   1.26050000e+01    1.91576359e+00    6.65605008e+02
 1.46301860e+02   1.25900000e+01    1.91696472e+00    6.67133510e+02
 1.46907725e+02   1.25900000e+01    1.91815570e+00    6.68661054e+02
 1.47513591e+02   1.25900000e+01    1.91933608e+00    6.70187870e+02
 1.48119456e+02   1.25900000e+01    1.92050689e+00    6.71713772e+02
 1.48725322e+02   1.25750000e+01    1.92166725e+00    6.73238498e+02
 1.49331187e+02   1.25750000e+01    1.92281827e+00    6.74761782e+02
 1.49937053e+02   1.25750000e+01    1.92395954e+00    6.76283363e+02
 1.50542918e+02   1.25750000e+01    1.92509070e+00    6.77803038e+02
 1.51148784e+02   1.25600000e+01    1.92621274e+00    6.79320871e+02
 1.51754649e+02   1.25600000e+01    1.92732491e+00    6.80836990e+02
 1.52360515e+02   1.25600000e+01    1.92842817e+00    6.82351524e+02
 1.52966381e+02   1.25600000e+01    1.92952213e+00    6.83864605e+02
 1.53572246e+02   1.25450000e+01    1.93060640e+00    6.85376354e+02
 1.54178112e+02   1.25450000e+01    1.93168209e+00    6.86886842e+02
 1.54783977e+02   1.25450000e+01    1.93274832e+00    6.88396117e+02
 1.55389843e+02   1.25450000e+01    1.93380610e+00    6.89904227e+02
 1.55995708e+02   1.25300000e+01    1.93485494e+00    6.91411216e+02
 1.56601574e+02   1.25300000e+01    1.93589462e+00    6.92917130e+02
 1.57207439e+02   1.25300000e+01    1.93692608e+00    6.94421913e+02
 1.57813305e+02   1.25300000e+01    1.93794850e+00    6.95925407e+02
 1.58419170e+02   1.25150000e+01    1.93896282e+00    6.97427452e+02
 1.59025036e+02   1.25150000e+01    1.93996873e+00    6.98927885e+02
 1.59630901e+02   1.25150000e+01    1.94096583e+00    7.00426544e+02
 1.60236767e+02   1.25150000e+01    1.94195508e+00    7.01923360e+02
 1.60842632e+02   1.25000000e+01    1.94293567e+00    7.03418537e+02
 1.61448498e+02   1.25000000e+01    1.94390864e+00    7.04912334e+02
 1.62054363e+02   1.25000000e+01    1.94487355e+00    7.06405010e+02
 1.62660229e+02   1.25000000e+01    1.94583008e+00    7.07896823e+02
 1.63266094e+02   1.25000000e+01    1.94677907e+00    7.09388016e+02
 1.63871960e+02   1.24850000e+01    1.94771980e+00    7.10878580e+02
 1.64477825e+02   1.24850000e+01    1.94865323e+00    7.12368314e+02
 1.65083691e+02   1.24850000e+01    1.94957898e+00    7.13857010e+02
 1.65689557e+02   1.24850000e+01    1.95049674e+00    7.15344458e+02
 1.66295422e+02   1.24700000e+01    1.95140721e+00    7.16830452e+02
 1.66901288e+02   1.24700000e+01    1.95230987e+00    7.18314832e+02
 1.67507153e+02   1.24700000e+01    1.95320552e+00    7.19797638e+02
 1.68113019e+02   1.24700000e+01    1.95409384e+00    7.21278955e+02
 1.68718884e+02   1.24550000e+01    1.95497451e+00    7.22758872e+02
 1.69324750e+02   1.24550000e+01    1.95584829e+00    7.24237475e+02
 1.69930615e+02   1.24550000e+01    1.95671454e+00    7.25714851e+02
 1.70536481e+02   1.24550000e+01    1.95757409e+00    7.27191078e+02
 1.71142346e+02   1.24550000e+01    1.95842666e+00    7.28666222e+02
 1.71748212e+02   1.24400000e+01    1.95927194e+00    7.30140343e+02
 1.72354077e+02   1.24400000e+01    1.96011061e+00    7.31613507e+02
 1.72959943e+02   1.24400000e+01    1.96094206e+00    7.33085775e+02
 1.73565808e+02   1.24400000e+01    1.96176707e+00    7.34557207e+02
 1.74171674e+02   1.24250000e+01    1.96258541e+00    7.36027773e+02
 1.74777539e+02   1.24250000e+01    1.96339689e+00    7.37497359e+02
 1.75383405e+02   1.24250000e+01    1.96420194e+00    7.38965846e+02
 1.75989270e+02   1.24250000e+01    1.96500010e+00    7.40433117e+02
 1.76595136e+02   1.24100000e+01    1.96579194e+00    7.41899054e+02
 1.77201001e+02   1.24100000e+01    1.96657763e+00    7.43363547e+02
 1.77806867e+02   1.24100000e+01    1.96735674e+00    7.44826616e+02
 1.78412732e+02   1.24100000e+01    1.96812959e+00    7.46288381e+02
 1.79018598e+02   1.24100000e+01    1.96889593e+00    7.47748962e+02
 1.79624464e+02   1.23950000e+01    1.96965599e+00    7.49208479e+02
 1.80230329e+02   1.23950000e+01    1.97041038e+00    7.50667053e+02
 1.80836195e+02   1.23950000e+01    1.97115860e+00    7.52124798e+02
 1.81442060e+02   1.23950000e+01    1.97190060e+00    7.53581746e+02
 1.82047926e+02   1.23800000e+01    1.97263647e+00    7.55037861e+02
 1.82653791e+02   1.23800000e+01    1.97336628e+00    7.56493108e+02
 1.83259657e+02   1.23800000e+01    1.97409069e+00    7.57947449e+02
 1.83865522e+02   1.23800000e+01    1.97480914e+00    7.59400849e+02
 1.84471388e+02   1.23800000e+01    1.97552150e+00    7.60853270e+02
 1.85077253e+02   1.23650000e+01    1.97622829e+00    7.62304673e+02
 1.85683119e+02   1.23650000e+01    1.97692906e+00    7.63755010e+02
 1.86288984e+02   1.23650000e+01    1.97762472e+00    7.65204237e+02
 1.86894850e+02   1.23650000e+01    1.97831462e+00    7.66652307e+02
 1.87500715e+02   1.23500000e+01    1.97899858e+00    7.68099175e+02
 1.88106581e+02   1.23500000e+01    1.97967750e+00    7.69544794e+02
 1.88712446e+02   1.23500000e+01    1.98035048e+00    7.70989170e+02
 1.89318312e+02   1.23500000e+01    1.98101846e+00    7.72432399e+02
 1.89924177e+02   1.23500000e+01    1.98168104e+00    7.73874590e+02
 1.90530043e+02   1.23350000e+01    1.98233796e+00    7.75315852e+02
 1.91135908e+02   1.23350000e+01    1.98298997e+00    7.76756292e+02
 1.91741774e+02   1.23350000e+01    1.98363633e+00    7.78196019e+02
 1.92347639e+02   1.23350000e+01    1.98427772e+00    7.79635119e+02
 1.92953505e+02   1.23200000e+01    1.98491406e+00    7.81073562e+02
 1.93559371e+02   1.23200000e+01    1.98554517e+00    7.82511284e+02
 1.94165236e+02   1.23200000e+01    1.98617125e+00    7.83948218e+02
 1.94771102e+02   1.23200000e+01    1.98679215e+00    7.85384300e+02
 1.95376967e+02   1.23050000e+01    1.98740785e+00    7.86819464e+02
 1.95982833e+02   1.23050000e+01    1.98801920e+00    7.88253645e+02
 1.96588698e+02   1.23050000e+01    1.98862548e+00    7.89686804e+02
 1.97194564e+02   1.23050000e+01    1.98922655e+00    7.91118927e+02
 1.97800429e+02   1.23050000e+01    1.98982310e+00    7.92550000e+02
 1.98406295e+02   1.22900000e+01    1.99041443e+00    7.93980012e+02
 1.99012160e+02   1.22900000e+01    1.99100156e+00    7.95408950e+02
 1.99618026e+02   1.22900000e+01    1.99158385e+00    7.96836800e+02
 2.00223891e+02   1.22900000e+01    1.99216116e+00    7.98263562e+02
 2.00829757e+02   1.22900000e+01    1.99273414e+00    7.99689297e+02
 2.01435622e+02   1.22750000e+01    1.99330209e+00    8.01114086e+02
 2.02041488e+02   1.22750000e+01    1.99386582e+00    8.02538010e+02
 2.02647353e+02   1.22750000e+01    1.99442513e+00    8.03961150e+02
 2.03253219e+02   1.22750000e+01    1.99497977e+00    8.05383587e+02
 2.03859084e+02   1.22750000e+01    1.99552998e+00    8.06805403e+02
 2.04464950e+02   1.22600000e+01    1.99607558e+00    8.08226639e+02
 2.05070815e+02   1.22600000e+01    1.99661673e+00    8.09647251e+02
 2.05676681e+02   1.22600000e+01    1.99715402e+00    8.11067187e+02
 2.06282546e+02   1.22600000e+01    1.99768688e+00    8.12486394e+02
 2.06888412e+02   1.22450000e+01    1.99821498e+00    8.13904820e+02
 2.07494278e+02   1.22450000e+01    1.99873930e+00    8.15322411e+02
 2.08100143e+02   1.22450000e+01    1.99925897e+00    8.16739116e+02
 2.08706009e+02   1.22450000e+01    1.99977487e+00    8.18154903e+02
 2.09311874e+02   1.22450000e+01    2.00028659e+00    8.19569766e+02
 2.09917740e+02   1.22300000e+01    2.00079389e+00    8.20983701e+02
 2.10523605e+02   1.22300000e+01    2.00129735e+00    8.22396703e+02
 2.11129471e+02   1.22300000e+01    2.00179648e+00    8.23808768e+02
 2.11735336e+02   1.22300000e+01    2.00229153e+00    8.25219891e+02
 2.12341202e+02   1.22300000e+01    2.00278305e+00    8.26630070e+02
 2.12947067e+02   1.22150000e+01    2.00327048e+00    8.28039325e+02
 2.13552933e+02   1.22150000e+01    2.00375369e+00    8.29447701e+02
 2.14158798e+02   1.22150000e+01    2.00423326e+00    8.30855244e+02
 2.14764664e+02   1.22150000e+01    2.00470860e+00    8.32262001e+02
 2.15370529e+02   1.22150000e+01    2.00518054e+00    8.33668019e+02
 2.15976395e+02   1.22000000e+01    2.00564853e+00    8.35073342e+02
 2.16582260e+02   1.22000000e+01    2.00611258e+00    8.36478017e+02
 2.17188126e+02   1.22000000e+01    2.00657305e+00    8.37882060e+02
 2.17793991e+02   1.22000000e+01    2.00702952e+00    8.39285459e+02
 2.18399857e+02   1.21850000e+01    2.00748218e+00    8.40688197e+02
 2.19005722e+02   1.21850000e+01    2.00793173e+00    8.42090261e+02
 2.19611588e+02   1.21850000e+01    2.00837751e+00    8.43491634e+02
 2.20217454e+02   1.21850000e+01    2.00881933e+00    8.44892302e+02
 2.20823319e+02   1.21850000e+01    2.00925787e+00    8.46292250e+02
 2.21429185e+02   1.21700000e+01    2.00969240e+00    8.47691463e+02
 2.22035050e+02   1.21700000e+01    2.01012387e+00    8.49089930e+02
 2.22640916e+02   1.21700000e+01    2.01055175e+00    8.50487639e+02
 2.23246781e+02   1.21700000e+01    2.01097601e+00    8.51884576e+02
 2.23852647e+02   1.21700000e+01    2.01139691e+00    8.53280732e+02
 2.24458512e+02   1.21700000e+01    2.01181419e+00    8.54676093e+02
 2.25064378e+02   1.21550000e+01    2.01222791e+00    8.56070647e+02
 2.25670243e+02   1.21550000e+01    2.01263876e+00    8.57464387e+02
 2.26276109e+02   1.21550000e+01    2.01304614e+00    8.58857315e+02
 2.26881974e+02   1.21550000e+01    2.01344989e+00    8.60249440e+02
 2.27487840e+02   1.21550000e+01    2.01385064e+00    8.61640770e+02
 2.28093705e+02   1.21400000e+01    2.01424766e+00    8.63031311e+02
 2.28699571e+02   1.21400000e+01    2.01464171e+00    8.64421071e+02
 2.29305436e+02   1.21400000e+01    2.01503257e+00    8.65810059e+02
 2.29911302e+02   1.21400000e+01    2.01542034e+00    8.67198281e+02
 2.30517167e+02   1.21400000e+01    2.01580465e+00    8.68585764e+02
 2.31123033e+02   1.21250000e+01    2.01618592e+00    8.69972546e+02
 2.31728898e+02   1.21250000e+01    2.01656377e+00    8.71358666e+02
 2.32334764e+02   1.21250000e+01    2.01693895e+00    8.72744163e+02
 2.32940629e+02   1.21250000e+01    2.01731091e+00    8.74129075e+02
 2.33546495e+02   1.21250000e+01    2.01767966e+00    8.75513441e+02
 2.34152361e+02   1.21100000e+01    2.01804542e+00    8.76897300e+02
 2.34758226e+02   1.21100000e+01    2.01840805e+00    8.78280678e+02
 2.35364092e+02   1.21100000e+01    2.01876753e+00    8.79663544e+02
 2.35969957e+02   1.21100000e+01    2.01912451e+00    8.81045860e+02
 2.36575823e+02   1.21100000e+01    2.01947836e+00    8.82427585e+02
 2.37181688e+02   1.20950000e+01    2.01982896e+00    8.83808677e+02
 2.37787554e+02   1.20950000e+01    2.02017699e+00    8.85189098e+02
 2.38393419e+02   1.20950000e+01    2.02052178e+00    8.86568806e+02
 2.38999285e+02   1.20950000e+01    2.02086362e+00    8.87947761e+02
 2.39605150e+02   1.20950000e+01    2.02120315e+00    8.89325944e+02
 2.40211016e+02   1.20950000e+01    2.02153969e+00    8.90703363e+02
 2.40816881e+02   1.20800000e+01    2.02187299e+00    8.92080029e+02
 2.41422747e+02   1.20800000e+01    2.02220391e+00    8.93455956e+02
 2.42028612e+02   1.20800000e+01    2.02253167e+00    8.94831154e+02
 2.42634478e+02   1.20800000e+01    2.02285685e+00    8.96205634e+02
 2.43240343e+02   1.20650000e+01    2.02317934e+00    8.97579410e+02
 2.43846209e+02   1.20650000e+01    2.02349926e+00    8.98952492e+02
 2.44452074e+02   1.20650000e+01    2.02381613e+00    9.00324893e+02
 2.45057940e+02   1.20650000e+01    2.02413063e+00    9.01696629e+02
 2.45663805e+02   1.20650000e+01    2.02444208e+00    9.03067713e+02
 2.46269671e+02   1.20650000e+01    2.02475119e+00    9.04438161e+02
 2.46875536e+02   1.20500000e+01    2.02505758e+00    9.05807986e+02
 2.47481402e+02   1.20500000e+01    2.02536151e+00    9.07177204e+02
 2.48087268e+02   1.20500000e+01    2.02566261e+00    9.08545829e+02
 2.48693133e+02   1.20500000e+01    2.02596133e+00    9.09913875e+02
 2.49298999e+02   1.20500000e+01    2.02625716e+00    9.11281352e+02
 2.49904864e+02   1.20350000e+01    2.02655075e+00    9.12648267e+02
 2.50510730e+02   1.20350000e+01    2.02684182e+00    9.14014625e+02
 2.51116595e+02   1.20350000e+01    2.02713040e+00    9.15380432e+02
 2.51722461e+02   1.20350000e+01    2.02741637e+00    9.16745695e+02
 2.52328326e+02   1.20350000e+01    2.02769996e+00    9.18110420e+02
 2.52934192e+02   1.20200000e+01    2.02798077e+00    9.19474612e+02
 2.53540057e+02   1.20200000e+01    2.02825956e+00    9.20838277e+02
 2.54145923e+02   1.20200000e+01    2.02853584e+00    9.22201411e+02
 2.54751788e+02   1.20200000e+01    2.02880974e+00    9.23564001e+02
 2.55357654e+02   1.20200000e+01    2.02908115e+00    9.24926031e+02
 2.55963519e+02   1.20200000e+01    2.02935028e+00    9.26287486e+02
 2.56569385e+02   1.20050000e+01    2.02961671e+00    9.27648351e+02
 2.57175250e+02   1.20050000e+01    2.02988123e+00    9.29008612e+02
 2.57781116e+02   1.20050000e+01    2.03014332e+00    9.30368254e+02
 2.58386981e+02   1.20050000e+01    2.03040314e+00    9.31727261e+02
 2.58992847e+02   1.20050000e+01    2.03066055e+00    9.33085627e+02
 2.59598712e+02   1.19900000e+01    2.03091576e+00    9.34443356e+02
 2.60204578e+02   1.19900000e+01    2.03116847e+00    9.35800454e+02
 2.60810443e+02   1.19900000e+01    2.03141925e+00    9.37156929e+02
 2.61416309e+02   1.19900000e+01    2.03166771e+00    9.38512787e+02
 2.62022175e+02   1.19900000e+01    2.03191406e+00    9.39868035e+02
 2.62628040e+02   1.19900000e+01    2.03215800e+00    9.41222680e+02
 2.63233906e+02   1.19750000e+01    2.03239994e+00    9.42576729e+02
 2.63839771e+02   1.19750000e+01    2.03263941e+00    9.43930187e+02
 2.64445637e+02   1.19750000e+01    2.03287697e+00    9.45283060e+02
 2.65051502e+02   1.19750000e+01    2.03311237e+00    9.46635354e+02
 2.65657368e+02   1.19750000e+01    2.03334579e+00    9.47987071e+02
 2.66263233e+02   1.19600000e+01    2.03357671e+00    9.49338217e+02
 2.66869099e+02   1.19600000e+01    2.03380598e+00    9.50688797e+02
 2.67474964e+02   1.19600000e+01    2.03403276e+00    9.52038816e+02
 2.68080830e+02   1.19600000e+01    2.03425755e+00    9.53388277e+02
 2.68686695e+02   1.19600000e+01    2.03448055e+00    9.54737185e+02
 2.69292561e+02   1.19600000e+01    2.03470148e+00    9.56085549e+02
 2.69898426e+02   1.19450000e+01    2.03492003e+00    9.57433383e+02
 2.70504292e+02   1.19450000e+01    2.03513696e+00    9.58780702e+02
 2.71110157e+02   1.19450000e+01    2.03535156e+00    9.60127520e+02
 2.71716023e+02   1.19450000e+01    2.03556412e+00    9.61473852e+02
 2.72321888e+02   1.19450000e+01    2.03577515e+00    9.62819713e+02
 2.72927754e+02   1.19450000e+01    2.03598405e+00    9.64165116e+02
 2.73533619e+02   1.19300000e+01    2.03619074e+00    9.65510078e+02
 2.74139485e+02   1.19300000e+01    2.03639580e+00    9.66854610e+02
 2.74745351e+02   1.19300000e+01    2.03659873e+00    9.68198708e+02
 2.75351216e+02   1.19300000e+01    2.03679963e+00    9.69542356e+02
 2.75957082e+02   1.19300000e+01    2.03699904e+00    9.70885536e+02
 2.76562947e+02   1.19150000e+01    2.03719628e+00    9.72228232e+02
 2.77168813e+02   1.19150000e+01    2.03739170e+00    9.73570427e+02
 2.77774678e+02   1.19150000e+01    2.03758524e+00    9.74912104e+02
 2.78380544e+02   1.19150000e+01    2.03777703e+00    9.76253247e+02
 2.78986409e+02   1.19150000e+01    2.03796672e+00    9.77593838e+02
 2.79592275e+02   1.19150000e+01    2.03815483e+00    9.78933863e+02
 2.80198140e+02   1.19000000e+01    2.03834099e+00    9.80273323e+02
 2.80804006e+02   1.19000000e+01    2.03852557e+00    9.81612227e+02
 2.81409871e+02   1.19000000e+01    2.03870803e+00    9.82950581e+02
 2.82015737e+02   1.19000000e+01    2.03888908e+00    9.84288394e+02
 2.82621602e+02   1.19000000e+01    2.03906800e+00    9.85625672e+02
 2.83227468e+02   1.19000000e+01    2.03924513e+00    9.86962425e+02
 2.83833333e+02   1.18850000e+01    2.03942092e+00    9.88298659e+02
 2.84439199e+02   1.18850000e+01    2.03959484e+00    9.89634382e+02
 2.85045064e+02   1.18850000e+01    2.03976685e+00    9.90969601e+02
 2.85650930e+02   1.18850000e+01    2.03993736e+00    9.92304316e+02
 2.86256795e+02   1.18850000e+01    2.04010601e+00    9.93638528e+02
 2.86862661e+02   1.18850000e+01    2.04027283e+00    9.94972236e+02
 2.87468526e+02   1.18700000e+01    2.04043829e+00    9.96305437e+02
 2.88074392e+02   1.18700000e+01    2.04060193e+00    9.97638133e+02
 2.88680258e+02   1.18700000e+01    2.04076401e+00    9.98970321e+02
 2.89286123e+02   1.18700000e+01    2.04092423e+00    1.00030200e+03
 2.89891989e+02   1.18700000e+01    2.04108312e+00    1.00163317e+03
 2.90497854e+02   1.18700000e+01    2.04124003e+00    1.00296383e+03
 2.91103720e+02   1.18550000e+01    2.04139527e+00    1.00429399e+03
 2.91709585e+02   1.18550000e+01    2.04154941e+00    1.00562365e+03
 2.92315451e+02   1.18550000e+01    2.04170177e+00    1.00695283e+03
 2.92921316e+02   1.18550000e+01    2.04185232e+00    1.00828152e+03
 2.93527182e+02   1.18550000e+01    2.04200154e+00    1.00960975e+03
 2.94133047e+02   1.18550000e+01    2.04214902e+00    1.01093751e+03
 2.94738913e+02   1.18400000e+01    2.04229475e+00    1.01226482e+03
 2.95344778e+02   1.18400000e+01    2.04243935e+00    1.01359168e+03
 2.95950644e+02   1.18400000e+01    2.04258221e+00    1.01491810e+03
 2.96556509e+02   1.18400000e+01    2.04272371e+00    1.01624409e+03
 2.97162375e+02   1.18400000e+01    2.04286337e+00    1.01756965e+03
 2.97768240e+02   1.18400000e+01    2.04300192e+00    1.01889478e+03
 2.98374106e+02   1.18250000e+01    2.04313855e+00    1.02021949e+03
 2.98979971e+02   1.18250000e+01    2.04327373e+00    1.02154378e+03
 2.99585837e+02   1.18250000e+01    2.04340786e+00    1.02286765e+03
 3.00191702e+02   1.18250000e+01    2.04354032e+00    1.02419110e+03
 3.00797568e+02   1.18250000e+01    2.04367119e+00    1.02551414e+03
 3.01403433e+02   1.18250000e+01    2.04380068e+00    1.02683677e+03
 3.02009299e+02   1.18100000e+01    2.04392869e+00    1.02815899e+03
 3.02615165e+02   1.18100000e+01    2.04405513e+00    1.02948079e+03
 3.03221030e+02   1.18100000e+01    2.04418033e+00    1.03080218e+03
 3.03826896e+02   1.18100000e+01    2.04430418e+00    1.03212314e+03
 3.04432761e+02   1.18100000e+01    2.04442666e+00    1.03344367e+03
 3.05038627e+02   1.18100000e+01    2.04454745e+00    1.03476376e+03
 3.05644492e+02   1.17950000e+01    2.04466708e+00    1.03608340e+03
 3.06250358e+02   1.17950000e+01    2.04478518e+00    1.03740260e+03
 3.06856223e+02   1.17950000e+01    2.04490181e+00    1.03872134e+03
 3.07462089e+02   1.17950000e+01    2.04501741e+00    1.04003961e+03
 3.08067954e+02   1.17950000e+01    2.04513142e+00    1.04135742e+03
 3.08673820e+02   1.17950000e+01    2.04524431e+00    1.04267477e+03
 3.09279685e+02   1.17800000e+01    2.04535545e+00    1.04399167e+03
 3.09885551e+02   1.17800000e+01    2.04546570e+00    1.04530810e+03
 3.10491416e+02   1.17800000e+01    2.04557429e+00    1.04662409e+03
 3.11097282e+02   1.17800000e+01    2.04568153e+00    1.04793963e+03
 3.11703147e+02   1.17800000e+01    2.04578789e+00    1.04925473e+03
 3.12309013e+02   1.17800000e+01    2.04589267e+00    1.05056939e+03
 3.12914878e+02   1.17800000e+01    2.04599621e+00    1.05188361e+03
 3.13520744e+02   1.17650000e+01    2.04609825e+00    1.05319740e+03
 3.14126609e+02   1.17650000e+01    2.04619937e+00    1.05451076e+03
 3.14732475e+02   1.17650000e+01    2.04629888e+00    1.05582369e+03
 3.15338340e+02   1.17650000e+01    2.04639714e+00    1.05713620e+03
 3.15944206e+02   1.17650000e+01    2.04649455e+00    1.05844827e+03
 3.16550072e+02   1.17650000e+01    2.04659050e+00    1.05975992e+03
 3.17155937e+02   1.17500000e+01    2.04668508e+00    1.06107115e+03
 3.17761803e+02   1.17500000e+01    2.04677846e+00    1.06238195e+03
 3.18367668e+02   1.17500000e+01    2.04687081e+00    1.06369233e+03
 3.18973534e+02   1.17500000e+01    2.04696165e+00    1.06500229e+03
 3.19579399e+02   1.17500000e+01    2.04705125e+00    1.06631183e+03
 3.20185265e+02   1.17500000e+01    2.04714014e+00    1.06762095e+03
 3.20791130e+02   1.17350000e+01    2.04722752e+00    1.06892966e+03
 3.21396996e+02   1.17350000e+01    2.04731368e+00    1.07023794e+03
 3.22002861e+02   1.17350000e+01    2.04739868e+00    1.07154581e+03
 3.22608727e+02   1.17350000e+01    2.04748263e+00    1.07285327e+03
 3.23214592e+02   1.17350000e+01    2.04756517e+00    1.07416031e+03
 3.23820458e+02   1.17350000e+01    2.04764651e+00    1.07546694e+03
 3.24426323e+02   1.17350000e+01    2.04772717e+00    1.07677315e+03
 3.25032189e+02   1.17200000e+01    2.04780640e+00    1.07807896e+03
 3.25638054e+02   1.17200000e+01    2.04788444e+00    1.07938435e+03
 3.26243920e+02   1.17200000e+01    2.04796136e+00    1.08068934e+03
 3.26849785e+02   1.17200000e+01    2.04803730e+00    1.08199392e+03
 3.27455651e+02   1.17200000e+01    2.04811187e+00    1.08329811e+03
 3.28061516e+02   1.17200000e+01    2.04818528e+00    1.08460189e+03
 3.28667382e+02   1.17050000e+01    2.04825800e+00    1.08590528e+03
 3.29273247e+02   1.17050000e+01    2.04832947e+00    1.08720828e+03
 3.29879113e+02   1.17050000e+01    2.04839974e+00    1.08851090e+03
 3.30484979e+02   1.17050000e+01    2.04846888e+00    1.08981312e+03
 3.31090844e+02   1.17050000e+01    2.04853716e+00    1.09111497e+03
 3.31696710e+02   1.17050000e+01    2.04860409e+00    1.09241644e+03
 3.32302575e+02   1.16900000e+01    2.04866987e+00    1.09371754e+03
 3.32908441e+02   1.16900000e+01    2.04873506e+00    1.09501826e+03
 3.33514306e+02   1.16900000e+01    2.04879899e+00    1.09631862e+03
 3.34120172e+02   1.16900000e+01    2.04886184e+00    1.09761861e+03
 3.34726037e+02   1.16900000e+01    2.04892351e+00    1.09891825e+03
 3.35331903e+02   1.16900000e+01    2.04898444e+00    1.10021752e+03
 3.35937768e+02   1.16900000e+01    2.04904405e+00    1.10151644e+03
 3.36543634e+02   1.16750000e+01    2.04910254e+00    1.10281501e+03
 3.37149499e+02   1.16750000e+01    2.04916047e+00    1.10411324e+03
 3.37755365e+02   1.16750000e+01    2.04921711e+00    1.10541111e+03
 4.25000000e+02   1.13900000e+01    2.04923792e+00    1.28908825e+03
 3.38361230e+02   1.16750000e+01    2.04927291e+00    1.10670865e+03
 4.24394134e+02   1.13900000e+01    2.04928058e+00    1.28781522e+03
 4.23788269e+02   1.13900000e+01    2.04932254e+00    1.28654300e+03
 3.38967096e+02   1.16750000e+01    2.04932742e+00    1.10800584e+03
 4.23182403e+02   1.13900000e+01    2.04936423e+00    1.28527157e+03
 3.39572961e+02   1.16750000e+01    2.04938125e+00    1.10930269e+03
 4.22576538e+02   1.13900000e+01    2.04940523e+00    1.28400090e+03
 3.40178827e+02   1.16750000e+01    2.04943386e+00    1.11059918e+03
 4.21970672e+02   1.13900000e+01    2.04944597e+00    1.28273095e+03
 3.40784692e+02   1.16600000e+01    2.04948536e+00    1.11189532e+03
 4.21364807e+02   1.13900000e+01    2.04948631e+00    1.28146170e+03
 4.20758941e+02   1.14050000e+01    2.04952627e+00    1.28019312e+03
 3.41390558e+02   1.16600000e+01    2.04953624e+00    1.11319110e+03
 4.20153076e+02   1.14050000e+01    2.04956549e+00    1.27892517e+03
 3.41996423e+02   1.16600000e+01    2.04958601e+00    1.11448652e+03
 4.19547210e+02   1.14050000e+01    2.04960440e+00    1.27765784e+03
 3.42602289e+02   1.16600000e+01    2.04963496e+00    1.11578157e+03
 4.18941345e+02   1.14050000e+01    2.04964281e+00    1.27639108e+03
 4.18335479e+02   1.14050000e+01    2.04968059e+00    1.27512488e+03
 3.43208155e+02   1.16600000e+01    2.04968266e+00    1.11707624e+03
 4.17729614e+02   1.14050000e+01    2.04971805e+00    1.27385920e+03
 3.43814020e+02   1.16600000e+01    2.04972962e+00    1.11837055e+03
 4.17123748e+02   1.14050000e+01    2.04975476e+00    1.27259401e+03
 3.44419886e+02   1.16600000e+01    2.04977553e+00    1.11966447e+03
 4.16517883e+02   1.14050000e+01    2.04979130e+00    1.27132928e+03
 3.45025751e+02   1.16450000e+01    2.04982032e+00    1.12095802e+03
 4.15912017e+02   1.14200000e+01    2.04982744e+00    1.27006498e+03
 4.15306152e+02   1.14200000e+01    2.04986293e+00    1.26880109e+03
 3.45631617e+02   1.16450000e+01    2.04986437e+00    1.12225119e+03
 4.14700286e+02   1.14200000e+01    2.04989784e+00    1.26753758e+03
 3.46237482e+02   1.16450000e+01    2.04990761e+00    1.12354397e+03
 4.14094421e+02   1.14200000e+01    2.04993244e+00    1.26627441e+03
 3.46843348e+02   1.16450000e+01    2.04994992e+00    1.12483639e+03
 4.13488555e+02   1.14200000e+01    2.04996634e+00    1.26501155e+03
 3.47449213e+02   1.16450000e+01    2.04999115e+00    1.12612843e+03
 4.12882690e+02   1.14200000e+01    2.04999985e+00    1.26374898e+03
 3.48055079e+02   1.16450000e+01    2.05003144e+00    1.12742011e+03
 4.12276824e+02   1.14200000e+01    2.05003267e+00    1.26248668e+03
 4.11670959e+02   1.14200000e+01    2.05006515e+00    1.26122459e+03
 3.48660944e+02   1.16450000e+01    2.05007098e+00    1.12871141e+03
 4.11065093e+02   1.14350000e+01    2.05009730e+00    1.25996271e+03
 3.49266810e+02   1.16300000e+01    2.05010934e+00    1.13000236e+03
 4.10459227e+02   1.14350000e+01    2.05012886e+00    1.25870100e+03
 3.49872675e+02   1.16300000e+01    2.05014685e+00    1.13129294e+03
 4.09853362e+02   1.14350000e+01    2.05015969e+00    1.25743943e+03
 3.50478541e+02   1.16300000e+01    2.05018382e+00    1.13258316e+03
 4.09247496e+02   1.14350000e+01    2.05019022e+00    1.25617797e+03
 3.51084406e+02   1.16300000e+01    2.05021965e+00    1.13387302e+03
 4.08641631e+02   1.14350000e+01    2.05022018e+00    1.25491659e+03
 4.08035765e+02   1.14350000e+01    2.05024949e+00    1.25365526e+03
 3.51690272e+02   1.16300000e+01    2.05025474e+00    1.13516253e+03
 4.07429900e+02   1.14350000e+01    2.05027838e+00    1.25239396e+03
 3.52296137e+02   1.16300000e+01    2.05028869e+00    1.13645169e+03
 4.06824034e+02   1.14350000e+01    2.05030655e+00    1.25113265e+03
 3.52902003e+02   1.16300000e+01    2.05032202e+00    1.13774049e+03
 4.06218169e+02   1.14500000e+01    2.05033455e+00    1.24987131e+03
 3.53507868e+02   1.16150000e+01    2.05035423e+00    1.13902893e+03
 4.05612303e+02   1.14500000e+01    2.05036194e+00    1.24860990e+03
 3.54113734e+02   1.16150000e+01    2.05038558e+00    1.14031703e+03
 4.05006438e+02   1.14500000e+01    2.05038864e+00    1.24734840e+03
 4.04400572e+02   1.14500000e+01    2.05041485e+00    1.24608677e+03
 3.54719599e+02   1.16150000e+01    2.05041629e+00    1.14160477e+03
 4.03794707e+02   1.14500000e+01    2.05044062e+00    1.24482499e+03
 3.55325465e+02   1.16150000e+01    2.05044608e+00    1.14289217e+03
 4.03188841e+02   1.14500000e+01    2.05046562e+00    1.24356303e+03
 3.55931330e+02   1.16150000e+01    2.05047514e+00    1.14417921e+03
 4.02582976e+02   1.14500000e+01    2.05049030e+00    1.24230086e+03
 3.56537196e+02   1.16150000e+01    2.05050314e+00    1.14546590e+03
 4.01977110e+02   1.14500000e+01    2.05051409e+00    1.24103845e+03
 3.57143062e+02   1.16150000e+01    2.05053036e+00    1.14675225e+03
 4.01371245e+02   1.14650000e+01    2.05053774e+00    1.23977577e+03
 3.57748927e+02   1.16000000e+01    2.05055673e+00    1.14803824e+03
 4.00765379e+02   1.14650000e+01    2.05056077e+00    1.23851279e+03
 3.58354793e+02   1.16000000e+01    2.05058219e+00    1.14932389e+03
 4.00159514e+02   1.14650000e+01    2.05058317e+00    1.23724948e+03
 3.99553648e+02   1.14650000e+01    2.05060488e+00    1.23598582e+03
 3.58960658e+02   1.16000000e+01    2.05060680e+00    1.15060919e+03
 3.98947783e+02   1.14650000e+01    2.05062623e+00    1.23472180e+03
 3.59566524e+02   1.16000000e+01    2.05063093e+00    1.15189415e+03
 3.98341917e+02   1.14650000e+01    2.05064680e+00    1.23345743e+03
 3.60172389e+02   1.16000000e+01    2.05065400e+00    1.15317876e+03
 3.97736052e+02   1.14650000e+01    2.05066696e+00    1.23219272e+03
 3.60778255e+02   1.16000000e+01    2.05067641e+00    1.15446303e+03
 3.97130186e+02   1.14650000e+01    2.05068622e+00    1.23092767e+03
 3.61384120e+02   1.16000000e+01    2.05069776e+00    1.15574696e+03
 3.96524320e+02   1.14800000e+01    2.05070536e+00    1.22966229e+03
 3.61989986e+02   1.15850000e+01    2.05071848e+00    1.15703055e+03
 3.95918455e+02   1.14800000e+01    2.05072384e+00    1.22839659e+03
 3.62595851e+02   1.15850000e+01    2.05073830e+00    1.15831380e+03
 3.95312589e+02   1.14800000e+01    2.05074169e+00    1.22713058e+03
 3.63201717e+02   1.15850000e+01    2.05075727e+00    1.15959671e+03
 3.94706724e+02   1.14800000e+01    2.05075876e+00    1.22586426e+03
 3.94100858e+02   1.14800000e+01    2.05077547e+00    1.22459764e+03
 3.63807582e+02   1.15850000e+01    2.05077561e+00    1.16087928e+03
 3.93494993e+02   1.14800000e+01    2.05079144e+00    1.22333073e+03
 3.64413448e+02   1.15850000e+01    2.05079317e+00    1.16216152e+03
 3.92889127e+02   1.14800000e+01    2.05080685e+00    1.22206353e+03
 3.65019313e+02   1.15850000e+01    2.05081000e+00    1.16344342e+03
 3.92283262e+02   1.14950000e+01    2.05082161e+00    1.22079605e+03
 3.65625179e+02   1.15850000e+01    2.05082594e+00    1.16472499e+03
 3.91677396e+02   1.14950000e+01    2.05083582e+00    1.21952830e+03
 3.66231044e+02   1.15700000e+01    2.05084099e+00    1.16600622e+03
 3.91071531e+02   1.14950000e+01    2.05084953e+00    1.21826026e+03
 3.66836910e+02   1.15700000e+01    2.05085551e+00    1.16728712e+03
 3.90465665e+02   1.14950000e+01    2.05086261e+00    1.21699194e+03
 3.67442775e+02   1.15700000e+01    2.05086906e+00    1.16856769e+03
 3.89859800e+02   1.14950000e+01    2.05087485e+00    1.21572334e+03
 3.68048641e+02   1.15700000e+01    2.05088183e+00    1.16984793e+03
 3.89253934e+02   1.14950000e+01    2.05088672e+00    1.21445444e+03
 3.68654506e+02   1.15700000e+01    2.05089415e+00    1.17112783e+03
 3.88648069e+02   1.14950000e+01    2.05089784e+00    1.21318525e+03
 3.69260372e+02   1.15700000e+01    2.05090548e+00    1.17240741e+03
 3.88042203e+02   1.15100000e+01    2.05090841e+00    1.21191577e+03
 3.69866237e+02   1.15700000e+01    2.05091627e+00    1.17368666e+03
 3.87436338e+02   1.15100000e+01    2.05091821e+00    1.21064599e+03
 3.70472103e+02   1.15550000e+01    2.05092601e+00    1.17496558e+03
 3.86830472e+02   1.15100000e+01    2.05092744e+00    1.20937591e+03
 3.71077969e+02   1.15550000e+01    2.05093523e+00    1.17624418e+03
 3.86224607e+02   1.15100000e+01    2.05093618e+00    1.20810552e+03
 3.71683834e+02   1.15550000e+01    2.05094366e+00    1.17752245e+03
 3.85618741e+02   1.15100000e+01    2.05094425e+00    1.20683483e+03
 3.72289700e+02   1.15550000e+01    2.05095126e+00    1.17880039e+03
 3.85012876e+02   1.15100000e+01    2.05095145e+00    1.20556382e+03
 3.72895565e+02   1.15550000e+01    2.05095813e+00    1.18007801e+03
 3.84407010e+02   1.15100000e+01    2.05095827e+00    1.20429251e+03
 3.83801144e+02   1.15100000e+01    2.05096429e+00    1.20302088e+03
 3.73501431e+02   1.15550000e+01    2.05096460e+00    1.18135531e+03
 3.83195279e+02   1.15250000e+01    2.05096975e+00    1.20174894e+03
 3.74107296e+02   1.15550000e+01    2.05097006e+00    1.18263229e+03
 3.82589413e+02   1.15250000e+01    2.05097438e+00    1.20047669e+03
 3.74713162e+02   1.15550000e+01    2.05097503e+00    1.18390894e+03
 3.81983548e+02   1.15250000e+01    2.05097847e+00    1.19920413e+03
 3.75319027e+02   1.15400000e+01    2.05097896e+00    1.18518528e+03
 3.81377682e+02   1.15250000e+01    2.05098200e+00    1.19793126e+03
 3.75924893e+02   1.15400000e+01    2.05098249e+00    1.18646130e+03
 3.80771817e+02   1.15250000e+01    2.05098483e+00    1.19665807e+03
 3.76530758e+02   1.15400000e+01    2.05098515e+00    1.18773699e+03
 3.80165951e+02   1.15250000e+01    2.05098679e+00    1.19538457e+03
 3.77136624e+02   1.15400000e+01    2.05098706e+00    1.18901238e+03
 3.77742489e+02   1.15400000e+01    2.05098827e+00    1.19028744e+03
 3.79560086e+02   1.15250000e+01    2.05098831e+00    1.19411076e+03
 3.78954220e+02   1.15400000e+01    2.05098905e+00    1.19283664e+03
 3.78348355e+02   1.15400000e+01    2.05098911e+00    1.19156220e+03
