Stellar Sequence
Central Pressure Range = 0.05 to 450 MeVfm^3
Number of Stars = 1750
h = 10 meters
r0 = 5 meters
      P_MeV/fm3             R_km         M_M_solar     Energy Density
 5.00000000e-02             -inf               inf    3.88201252e+01
 3.07261292e-01             -inf               inf    6.75421234e+01
 5.64522584e-01             -inf               inf    8.11699061e+01
 8.21783877e-01             -inf               inf    9.11445066e+01
 1.07904517e+00             -inf               inf    9.92302964e+01
 1.33630646e+00             -inf               inf    1.06176653e+02
 1.59356775e+00             -inf               inf    1.12290045e+02
 1.85082905e+00             -inf               inf    1.17758296e+02
 2.62261292e+00             -inf               inf    1.31902677e+02
 2.87987421e+00             -inf               inf    1.36054652e+02
 3.13713551e+00             -inf               inf    1.40029707e+02
 4.68070326e+00   1.28762764e+01    3.77829016e-01    1.60481145e+02
 8.02510006e+00   1.28853782e+01    5.49329467e-01    1.93540510e+02
 1.08549743e+01   1.29156694e+01    6.67687444e-01    2.15443749e+02
 1.11122356e+01   1.29465906e+01    6.77543693e-01    2.17257916e+02
 1.23985420e+01   1.29665626e+01    7.24886823e-01    2.26022242e+02
 1.31703259e+01   1.29860894e+01    7.51865203e-01    2.31048464e+02
 1.36848485e+01   1.30157942e+01    7.69299584e-01    2.34304018e+02
 1.41993711e+01   1.30058827e+01    7.86317033e-01    2.37477640e+02
 1.52284162e+01   1.30254849e+01    8.19176061e-01    2.43679645e+02
 1.57429388e+01   1.30366657e+01    8.35048758e-01    2.46686599e+02
 1.62574614e+01   1.30366865e+01    8.50569178e-01    2.49646374e+02
 1.93445969e+01   1.30967576e+01    9.37028025e-01    2.66464102e+02
 1.96018582e+01   1.31362800e+01    9.43763704e-01    2.67797434e+02
 2.06309034e+01   1.31153396e+01    9.70046231e-01    2.73062504e+02
 2.19172098e+01   1.31565981e+01    1.00151017e+00    2.79450054e+02
 2.26889937e+01   1.31470097e+01    1.01969033e+00    2.83198080e+02
 2.29462550e+01   1.31451414e+01    1.02563923e+00    2.84432749e+02
 2.39753002e+01   1.31563259e+01    1.04890549e+00    2.89303771e+02
 2.50043453e+01   1.31666191e+01    1.07135722e+00    2.94075781e+02
 2.68051744e+01   1.31657275e+01    1.10882546e+00    3.02204906e+02
 2.78342196e+01   1.31863887e+01    1.12926657e+00    3.06734512e+02
 2.96350486e+01   1.31855466e+01    1.16346836e+00    3.14476850e+02
 3.06640938e+01   1.32170038e+01    1.18217305e+00    3.18803242e+02
 3.14358776e+01   1.31858470e+01    1.19582278e+00    3.22005609e+02
 3.22076615e+01   1.31952421e+01    1.20916257e+00    3.25172545e+02
 3.29794454e+01   1.31973761e+01    1.22220116e+00    3.28303982e+02
 3.32367067e+01   1.32159323e+01    1.22648414e+00    3.29340346e+02
 3.52947970e+01   1.32067235e+01    1.25962457e+00    3.37512190e+02
 3.60665809e+01   1.32059422e+01    1.27156487e+00    3.40520124e+02
 3.70956261e+01   1.32161528e+01    1.28709380e+00    3.44487221e+02
 3.73528874e+01   1.32066710e+01    1.29090861e+00    3.45472257e+02
 3.81246712e+01   1.32165277e+01    1.30219373e+00    3.48410887e+02
 3.83819325e+01   1.32164521e+01    1.30590364e+00    3.49384641e+02
 3.86391938e+01   1.32364150e+01    1.30958877e+00    3.50355353e+02
 3.88964551e+01   1.31875435e+01    1.31324619e+00    3.51322976e+02
 4.04400229e+01   1.32066613e+01    1.33468827e+00    3.57069837e+02
 4.06972842e+01   1.32064695e+01    1.33817898e+00    3.58018876e+02
 4.17263293e+01   1.32155925e+01    1.35191077e+00    3.61791265e+02
 4.22408519e+01   1.32074729e+01    1.35864134e+00    3.63662956e+02
 4.24981132e+01   1.32072600e+01    1.36197434e+00    3.64595135e+02
 4.30126358e+01   1.32168447e+01    1.36857558e+00    3.66452286e+02
 4.40416810e+01   1.32266537e+01    1.38152442e+00    3.70138664e+02
 4.42989423e+01   1.32152512e+01    1.38471034e+00    3.71054630e+02
 4.66142939e+01   1.31959804e+01    1.41249540e+00    3.79203654e+02
 4.73860778e+01   1.31874370e+01    1.42141672e+00    3.81883847e+02
 5.02159520e+01   1.31871066e+01    1.45277149e+00    3.91561867e+02
 5.12449971e+01   1.31767969e+01    1.46367167e+00    3.95027351e+02
 5.20167810e+01   1.31968628e+01    1.47168066e+00    3.97608712e+02
 5.43321326e+01   1.31851455e+01    1.49488872e+00    4.05264239e+02
 5.58757004e+01   1.31575731e+01    1.50971242e+00    4.10297615e+02
 5.61329617e+01   1.31650249e+01    1.51213478e+00    4.11131293e+02
 5.66474843e+01   1.31667781e+01    1.51693953e+00    4.12794301e+02
 5.69047456e+01   1.31459435e+01    1.51932178e+00    4.13623656e+02
 5.76765294e+01   1.31561578e+01    1.52639032e+00    4.16103262e+02
 5.84483133e+01   1.31679141e+01    1.53334318e+00    4.18570330e+02
 6.02491424e+01   1.31458810e+01    1.54913077e+00    4.24279213e+02
 6.10209262e+01   1.31456525e+01    1.55571708e+00    4.26706151e+02
 6.30790166e+01   1.31363584e+01    1.57277702e+00    4.33123466e+02
 6.41080617e+01   1.31351506e+01    1.58104167e+00    4.36303386e+02
 6.46225843e+01   1.31270305e+01    1.58510975e+00    4.37886314e+02
 6.56516295e+01   1.31173492e+01    1.59312141e+00    4.41038342e+02
 6.79669811e+01   1.31081029e+01    1.61056200e+00    4.48064965e+02
 6.84815037e+01   1.31069628e+01    1.61433123e+00    4.49614535e+02
 6.89960263e+01   1.31069582e+01    1.61806287e+00    4.51159926e+02
 6.92532876e+01   1.30968969e+01    1.61991466e+00    4.51931078e+02
 7.00250715e+01   1.31152449e+01    1.62541581e+00    4.54238464e+02
 7.13113779e+01   1.30863425e+01    1.63440408e+00    4.58064345e+02
 7.28549457e+01   1.30980799e+01    1.64490477e+00    4.62623634e+02
 7.46557747e+01   1.30774613e+01    1.65677595e+00    4.67900354e+02
 7.51702973e+01   1.30778448e+01    1.66009571e+00    4.69399790e+02
 7.59420812e+01   1.30566804e+01    1.66501590e+00    4.71642236e+02
 7.61993425e+01   1.30664316e+01    1.66664049e+00    4.72387947e+02
 7.69711264e+01   1.30559406e+01    1.67146862e+00    4.74619823e+02
 7.82574328e+01   1.30551852e+01    1.67936614e+00    4.78322360e+02
 7.87719554e+01   1.30458812e+01    1.68247331e+00    4.79797438e+02
 7.90292167e+01   1.30475049e+01    1.68401667e+00    4.80533721e+02
 7.95437393e+01   1.30572676e+01    1.68708219e+00    4.82003801e+02
 7.98010006e+01   1.30363536e+01    1.68860384e+00    4.82737608e+02
 8.05727844e+01   1.30377932e+01    1.69312745e+00    4.84934174e+02
 8.08300457e+01   1.30465257e+01    1.69462187e+00    4.85664764e+02
 8.13445683e+01   1.30379872e+01    1.69758991e+00    4.87123585e+02
 8.21163522e+01   1.30273146e+01    1.70199130e+00    4.89306007e+02
 8.31453974e+01   1.30369451e+01    1.70776790e+00    4.92205312e+02
 8.34026587e+01   1.30169690e+01    1.70919560e+00    4.92928276e+02
 8.39171812e+01   1.30267864e+01    1.71203241e+00    4.94371992e+02
 8.44317038e+01   1.30152447e+01    1.71484329e+00    4.95812777e+02
 8.46889651e+01   1.30361321e+01    1.71624001e+00    4.96532078e+02
 8.70043168e+01   1.29884179e+01    1.72853048e+00    5.02973586e+02
 8.75188393e+01   1.29882987e+01    1.73119573e+00    5.04397302e+02
 8.80333619e+01   1.30065862e+01    1.73383868e+00    5.05818267e+02
 8.82906232e+01   1.30072634e+01    1.73515120e+00    5.06527726e+02
 8.85478845e+01   1.29953085e+01    1.73645781e+00    5.07236507e+02
 8.88051458e+01   1.29884443e+01    1.73775891e+00    5.07944614e+02
 8.93196684e+01   1.29760146e+01    1.74034386e+00    5.09358819e+02
 9.03487136e+01   1.29780048e+01    1.74544836e+00    5.12179255e+02
 9.08632361e+01   1.29769609e+01    1.74796745e+00    5.13585486e+02
 9.16350200e+01   1.29966233e+01    1.75170612e+00    5.15689837e+02
 9.24068039e+01   1.29658617e+01    1.75539621e+00    5.17788181e+02
 9.29213265e+01   1.29651982e+01    1.75783096e+00    5.19183734e+02
 9.36931103e+01   1.29550933e+01    1.76144380e+00    5.21272086e+02
 9.39503716e+01   1.29661617e+01    1.76263821e+00    5.21966924e+02
 9.54939394e+01   1.29463472e+01    1.76969854e+00    5.26123655e+02
 9.60084620e+01   1.29379847e+01    1.77201273e+00    5.27504934e+02
 9.72947684e+01   1.29384569e+01    1.77771460e+00    5.30949885e+02
 9.75520297e+01   1.29372624e+01    1.77884028e+00    5.31637439e+02
 9.78092910e+01   1.29160972e+01    1.77996189e+00    5.32324430e+02
 9.85810749e+01   1.29381950e+01    1.78329959e+00    5.34381574e+02
 9.93528588e+01   1.29363166e+01    1.78659551e+00    5.36432025e+02
 1.00639165e+02   1.29152593e+01    1.79199934e+00    5.39831264e+02
 1.01153688e+02   1.29167429e+01    1.79413049e+00    5.41183713e+02
 1.02439994e+02   1.29066369e+01    1.79938308e+00    5.44553277e+02
 1.02954517e+02   1.29062676e+01    1.80145456e+00    5.45900087e+02
 1.03211778e+02   1.29061409e+01    1.80248455e+00    5.46573961e+02
 1.03983562e+02   1.28983504e+01    1.80554836e+00    5.48599524e+02
 1.04240823e+02   1.29056727e+01    1.80656190e+00    5.49276598e+02
 1.04498085e+02   1.28959898e+01    1.80757089e+00    5.49954902e+02
 1.04755346e+02   1.29161674e+01    1.80857611e+00    5.50634607e+02
 1.05527130e+02   1.28878729e+01    1.81156648e+00    5.52682787e+02
 1.05784391e+02   1.28883430e+01    1.81255565e+00    5.53368305e+02
 1.06813436e+02   1.28952378e+01    1.81647109e+00    5.56122054e+02
 1.07585220e+02   1.28756111e+01    1.81936496e+00    5.58197231e+02
 1.08357004e+02   1.28674294e+01    1.82222482e+00    5.60278298e+02
 1.08614265e+02   1.28774594e+01    1.82317022e+00    5.60972897e+02
 1.08871527e+02   1.28679329e+01    1.82411125e+00    5.61667808e+02
 1.09128788e+02   1.28873059e+01    1.82504923e+00    5.62362960e+02
 1.09386049e+02   1.28677017e+01    1.82598260e+00    5.63058322e+02
 1.10157833e+02   1.28760226e+01    1.82876049e+00    5.65145426e+02
 1.10672356e+02   1.28577586e+01    1.83059363e+00    5.66537432e+02
 1.10929617e+02   1.28566291e+01    1.83150449e+00    5.67233542e+02
 1.11701401e+02   1.28555346e+01    1.83421459e+00    5.69322010e+02
 1.11958662e+02   1.28484372e+01    1.83511037e+00    5.70018130e+02
 1.12473185e+02   1.28450607e+01    1.83689108e+00    5.71410168e+02
 1.12730446e+02   1.28378824e+01    1.83777619e+00    5.72106038e+02
 1.14016752e+02   1.28371217e+01    1.84214702e+00    5.75583047e+02
 1.14274014e+02   1.28368930e+01    1.84301031e+00    5.76277876e+02
 1.14531275e+02   1.28276278e+01    1.84387006e+00    5.76972482e+02
 1.14788536e+02   1.28274239e+01    1.84472633e+00    5.77666853e+02
 1.15817581e+02   1.28259393e+01    1.84811699e+00    5.80441707e+02
 1.16332104e+02   1.28168661e+01    1.84979183e+00    5.81827369e+02
 1.16589365e+02   1.28154258e+01    1.85062390e+00    5.82519712e+02
 1.16846627e+02   1.28278658e+01    1.85145274e+00    5.83211711e+02
 1.17103888e+02   1.28170408e+01    1.85227806e+00    5.83903353e+02
 1.17361149e+02   1.28267684e+01    1.85310053e+00    5.84594625e+02
 1.17875672e+02   1.28170153e+01    1.85473471e+00    5.85976043e+02
 1.18647456e+02   1.28180167e+01    1.85716122e+00    5.88045334e+02
 1.19161978e+02   1.28050925e+01    1.85876190e+00    5.89422956e+02
 1.19419240e+02   1.28075379e+01    1.85955810e+00    5.90111191e+02
 1.19676501e+02   1.28064952e+01    1.86035103e+00    5.90799041e+02
 1.20191023e+02   1.27977336e+01    1.86192667e+00    5.92173579e+02
 1.20448285e+02   1.27974456e+01    1.86270961e+00    5.92860264e+02
 1.20705546e+02   1.27876639e+01    1.86348963e+00    5.93546559e+02
 1.20962807e+02   1.27955669e+01    1.86426642e+00    5.94232461e+02
 1.21734591e+02   1.27868049e+01    1.86657797e+00    5.96287805e+02
 1.22249114e+02   1.27857250e+01    1.86810414e+00    5.97656051e+02
 1.22506375e+02   1.27854523e+01    1.86886232e+00    5.98339577e+02
 1.24049943e+02   1.27776923e+01    1.87334928e+00    6.02432315e+02
 1.25078988e+02   1.27757048e+01    1.87628181e+00    6.05152728e+02
 1.25336249e+02   1.27672724e+01    1.87700754e+00    6.05831813e+02
 1.25593511e+02   1.27550633e+01    1.87773029e+00    6.06510490e+02
 1.25850772e+02   1.27661015e+01    1.87845007e+00    6.07188757e+02
 1.26108033e+02   1.27559158e+01    1.87916760e+00    6.07866614e+02
 1.26622556e+02   1.27657032e+01    1.88059412e+00    6.09221100e+02
 1.27394340e+02   1.27552193e+01    1.88271218e+00    6.11249807e+02
 1.28166123e+02   1.27479640e+01    1.88480517e+00    6.13274958e+02
 1.28680646e+02   1.27473167e+01    1.88618746e+00    6.14623124e+02
 1.29195169e+02   1.27452781e+01    1.88755828e+00    6.15969769e+02
 1.30224214e+02   1.27376738e+01    1.89026832e+00    6.18658595e+02
 1.30481475e+02   1.27362878e+01    1.89093966e+00    6.19329889e+02
 1.30738736e+02   1.27366125e+01    1.89160838e+00    6.20000823e+02
 1.33054088e+02   1.27155007e+01    1.89750871e+00    6.26023664e+02
 1.33311349e+02   1.27280059e+01    1.89815187e+00    6.26691206e+02
 1.33568611e+02   1.27251864e+01    1.89879210e+00    6.27358429e+02
 1.34083133e+02   1.27174447e+01    1.90006591e+00    6.28691932e+02
 1.34597656e+02   1.27175923e+01    1.90132934e+00    6.30024204e+02
 1.35112178e+02   1.27050063e+01    1.90258409e+00    6.31355273e+02
 1.35369440e+02   1.27050691e+01    1.90320765e+00    6.32020366e+02
 1.35626701e+02   1.27060584e+01    1.90382856e+00    6.32685169e+02
 1.36141224e+02   1.27061557e+01    1.90506391e+00    6.34013896e+02
 1.36398485e+02   1.26982715e+01    1.90567773e+00    6.34677810e+02
 1.37427530e+02   1.26960922e+01    1.90811077e+00    6.37330337e+02
 1.37684791e+02   1.26856151e+01    1.90871308e+00    6.37992661e+02
 1.38456575e+02   1.26871593e+01    1.91050656e+00    6.39977608e+02
 1.38713836e+02   1.26874318e+01    1.91109989e+00    6.40638564e+02
 1.39742882e+02   1.26777610e+01    1.91345090e+00    6.43278785e+02
 1.40514666e+02   1.26762642e+01    1.91519079e+00    6.45255015e+02
 1.40771927e+02   1.26673096e+01    1.91576622e+00    6.45912983e+02
 1.42572756e+02   1.26659174e+01    1.91973555e+00    6.50507893e+02
 1.43344540e+02   1.26577203e+01    1.92140464e+00    6.52471359e+02
 1.43601801e+02   1.26573893e+01    1.92195717e+00    6.53125083e+02
 1.44116324e+02   1.26566583e+01    1.92305559e+00    6.54431387e+02
 1.44888107e+02   1.26571665e+01    1.92468783e+00    6.56387995e+02
 1.45402630e+02   1.26465783e+01    1.92576575e+00    6.57690512e+02
 1.45659891e+02   1.26568520e+01    1.92630199e+00    6.58341206e+02
 1.45917153e+02   1.26568184e+01    1.92683629e+00    6.58991524e+02
 1.46174414e+02   1.26465440e+01    1.92736823e+00    6.59641467e+02
 1.46688937e+02   1.26381103e+01    1.92842643e+00    6.60940227e+02
 1.46946198e+02   1.26464018e+01    1.92895264e+00    6.61589044e+02
 1.47717982e+02   1.26464120e+01    1.93051945e+00    6.63533245e+02
 1.47975243e+02   1.26269192e+01    1.93103803e+00    6.64180562e+02
 1.48747027e+02   1.26272541e+01    1.93258198e+00    6.66120268e+02
 1.49261549e+02   1.26180590e+01    1.93360165e+00    6.67411534e+02
 1.49518811e+02   1.26273498e+01    1.93410846e+00    6.68056606e+02
 1.49776072e+02   1.26272740e+01    1.93461410e+00    6.68701303e+02
 1.50547856e+02   1.26180217e+01    1.93611892e+00    6.70633155e+02
 1.50805117e+02   1.26173409e+01    1.93661689e+00    6.71276358e+02
 1.51062379e+02   1.26077017e+01    1.93711294e+00    6.71919188e+02
 1.51834162e+02   1.26062260e+01    1.93859019e+00    6.73845444e+02
 1.52348685e+02   1.26182294e+01    1.93956662e+00    6.75127759e+02
 1.52605946e+02   1.26071045e+01    1.94005181e+00    6.75768363e+02
 1.52863208e+02   1.25968807e+01    1.94053520e+00    6.76408598e+02
 1.53120469e+02   1.25967974e+01    1.94101713e+00    6.77048464e+02
 1.53634991e+02   1.25981578e+01    1.94197544e+00    6.78327096e+02
 1.54149514e+02   1.25976749e+01    1.94292686e+00    6.79604265e+02
 1.54664037e+02   1.25961282e+01    1.94387168e+00    6.80879975e+02
 1.54921298e+02   1.25875402e+01    1.94434114e+00    6.81517284e+02
 1.55178559e+02   1.25879878e+01    1.94480941e+00    6.82154231e+02
 1.55435820e+02   1.25873784e+01    1.94527570e+00    6.82790817e+02
 1.55950343e+02   1.25871867e+01    1.94620295e+00    6.84062904e+02
 1.56207604e+02   1.25871373e+01    1.94666454e+00    6.84698408e+02
 1.57493911e+02   1.25763521e+01    1.94894663e+00    6.87870586e+02
 1.57751172e+02   1.25465769e+01    1.94939775e+00    6.88503973e+02
 1.58522956e+02   1.25680852e+01    1.95074289e+00    6.90402088e+02
 1.58780217e+02   1.25679801e+01    1.95118794e+00    6.91034121e+02
 1.59552001e+02   1.25651307e+01    1.95251356e+00    6.92928247e+02
 1.60323785e+02   1.25575434e+01    1.95382485e+00    6.94819474e+02
 1.60581046e+02   1.25550247e+01    1.95425903e+00    6.95449253e+02
 1.60838308e+02   1.25573792e+01    1.95469166e+00    6.96078721e+02
 1.61867353e+02   1.25475050e+01    1.95640621e+00    6.98593551e+02
 1.62381875e+02   1.25468459e+01    1.95725440e+00    6.99849180e+02
 1.62639137e+02   1.25464947e+01    1.95767625e+00    7.00476556e+02
 1.62896398e+02   1.25471083e+01    1.95809693e+00    7.01103641e+02
 1.63153659e+02   1.25375035e+01    1.95851572e+00    7.01730437e+02
 1.64439966e+02   1.25362932e+01    1.96058761e+00    7.04860118e+02
 1.64697227e+02   1.25351660e+01    1.96099801e+00    7.05485202e+02
 1.64954488e+02   1.25376638e+01    1.96140699e+00    7.06110006e+02
 1.65211750e+02   1.25272081e+01    1.96181407e+00    7.06734529e+02
 1.65469011e+02   1.25282047e+01    1.96221968e+00    7.07358774e+02
 1.65726272e+02   1.25281584e+01    1.96262425e+00    7.07982742e+02
 1.65983533e+02   1.25351920e+01    1.96302725e+00    7.08606433e+02
 1.66240795e+02   1.25281295e+01    1.96342858e+00    7.09229850e+02
 1.66498056e+02   1.25263622e+01    1.96382841e+00    7.09852992e+02
 1.67269840e+02   1.25168880e+01    1.96502068e+00    7.11720789e+02
 1.67784362e+02   1.25165938e+01    1.96580829e+00    7.12964640e+02
 1.68041624e+02   1.25278478e+01    1.96620026e+00    7.13586164e+02
 1.68298885e+02   1.25174860e+01    1.96659040e+00    7.14207423e+02
 1.69070669e+02   1.25173686e+01    1.96775345e+00    7.16069579e+02
 1.69327930e+02   1.25063864e+01    1.96813843e+00    7.16689751e+02
 1.69585192e+02   1.25075160e+01    1.96852204e+00    7.17309648e+02
 1.69842453e+02   1.25153689e+01    1.96890422e+00    7.17929267e+02
 1.70099714e+02   1.25171308e+01    1.96928539e+00    7.18548607e+02
 1.70356975e+02   1.25068709e+01    1.96966481e+00    7.19167664e+02
 1.70871498e+02   1.24962035e+01    1.97041974e+00    7.20404927e+02
 1.71386021e+02   1.24963082e+01    1.97117010e+00    7.21641041e+02
 1.71643282e+02   1.24961083e+01    1.97154310e+00    7.22258662e+02
 1.72157804e+02   1.24981787e+01    1.97228538e+00    7.23493023e+02
 1.72415066e+02   1.24962326e+01    1.97265450e+00    7.24109760e+02
 1.72672327e+02   1.24852555e+01    1.97302217e+00    7.24726198e+02
 1.72929588e+02   1.24881189e+01    1.97338847e+00    7.25342335e+02
 1.73701372e+02   1.24850790e+01    1.97448118e+00    7.27188926e+02
 1.74215895e+02   1.24760568e+01    1.97520294e+00    7.28418450e+02
 1.74473156e+02   1.24855206e+01    1.97556214e+00    7.29032747e+02
 1.74730417e+02   1.24780574e+01    1.97591979e+00    7.29646735e+02
 1.74987679e+02   1.24776151e+01    1.97627634e+00    7.30260413e+02
 1.75502201e+02   1.24768394e+01    1.97698587e+00    7.31486847e+02
 1.76788508e+02   1.24669931e+01    1.97873821e+00    7.34547567e+02
 1.77045769e+02   1.24664448e+01    1.97908500e+00    7.35158797e+02
 1.77303030e+02   1.24558215e+01    1.97943033e+00    7.35769723e+02
 1.77560292e+02   1.24572779e+01    1.97977499e+00    7.36380346e+02
 1.78332075e+02   1.24560655e+01    1.98080132e+00    7.38210404e+02
 1.78846598e+02   1.24556942e+01    1.98147992e+00    7.39428939e+02
 1.79103859e+02   1.24554290e+01    1.98181723e+00    7.40037757e+02
 1.79361121e+02   1.24551200e+01    1.98215334e+00    7.40646277e+02
 1.79618382e+02   1.24562950e+01    1.98248870e+00    7.41254498e+02
 1.80132905e+02   1.24476551e+01    1.98315563e+00    7.42470049e+02
 1.80390166e+02   1.24471738e+01    1.98348730e+00    7.43077379e+02
 1.80647427e+02   1.24481006e+01    1.98381784e+00    7.43684414e+02
 1.81933734e+02   1.24376636e+01    1.98545360e+00    7.46715160e+02
 1.82190995e+02   1.24376419e+01    1.98577773e+00    7.47320426e+02
 1.82448256e+02   1.24473158e+01    1.98610053e+00    7.47925398e+02
 1.82705517e+02   1.24260201e+01    1.98642174e+00    7.48530076e+02
 1.83477301e+02   1.24278403e+01    1.98738027e+00    7.50342354e+02
 1.83734563e+02   1.24271804e+01    1.98769716e+00    7.50945861e+02
 1.83991824e+02   1.24271498e+01    1.98801377e+00    7.51549077e+02
 1.84249085e+02   1.24271211e+01    1.98832909e+00    7.52152001e+02
 1.84506346e+02   1.24373394e+01    1.98864326e+00    7.52754633e+02
 1.84763608e+02   1.24273534e+01    1.98895611e+00    7.53356974e+02
 1.85535392e+02   1.24268991e+01    1.98988871e+00    7.55162253e+02
 1.86049914e+02   1.24164183e+01    1.99050512e+00    7.56364322e+02
 1.86307176e+02   1.24161522e+01    1.99081180e+00    7.56964922e+02
 1.86564437e+02   1.23950551e+01    1.99111746e+00    7.57565233e+02
 1.86821698e+02   1.24157268e+01    1.99142220e+00    7.58165256e+02
 1.87850743e+02   1.23967011e+01    1.99263012e+00    7.60562463e+02
 1.88622527e+02   1.23876143e+01    1.99352570e+00    7.62357356e+02
 1.88879788e+02   1.23980767e+01    1.99382224e+00    7.62955082e+02
 1.89137050e+02   1.23976558e+01    1.99411764e+00    7.63552523e+02
 1.89651572e+02   1.23975171e+01    1.99470570e+00    7.64746551e+02
 1.89908834e+02   1.23954946e+01    1.99499805e+00    7.65343139e+02
 1.90166095e+02   1.23951280e+01    1.99528955e+00    7.65939444e+02
 1.90937879e+02   1.23679958e+01    1.99615825e+00    7.67726663e+02
 1.91195140e+02   1.23780940e+01    1.99644588e+00    7.68321839e+02
 1.91452401e+02   1.23874747e+01    1.99673242e+00    7.68916734e+02
 1.91709663e+02   1.23870476e+01    1.99701829e+00    7.69511349e+02
 1.91966924e+02   1.23780055e+01    1.99730290e+00    7.70105683e+02
 1.92224185e+02   1.23970579e+01    1.99758674e+00    7.70699737e+02
 1.93767753e+02   1.23760066e+01    1.99926941e+00    7.74258210e+02
 1.94282276e+02   1.23763412e+01    1.99982277e+00    7.75442150e+02
 1.94796798e+02   1.23775102e+01    2.00037254e+00    7.76624987e+02
 1.95054059e+02   1.23652801e+01    2.00064580e+00    7.77215993e+02
 1.95568582e+02   1.23657056e+01    2.00119022e+00    7.78397184e+02
 1.95825843e+02   1.23662605e+01    2.00146077e+00    7.78987369e+02
 1.96083105e+02   1.23559955e+01    2.00173076e+00    7.79577282e+02
 1.96340366e+02   1.23675808e+01    2.00199980e+00    7.80166923e+02
 1.96854889e+02   1.23578757e+01    2.00253448e+00    7.81345392e+02
 1.97112150e+02   1.23452777e+01    2.00280098e+00    7.81934220e+02
 1.97369411e+02   1.23577556e+01    2.00306659e+00    7.82522779e+02
 1.97626672e+02   1.23554186e+01    2.00333106e+00    7.83111068e+02
 1.97883934e+02   1.23566398e+01    2.00359467e+00    7.83699088e+02
 1.98141195e+02   1.23454028e+01    2.00385723e+00    7.84286840e+02
 1.98398456e+02   1.23461146e+01    2.00411917e+00    7.84874324e+02
 1.98912979e+02   1.23476868e+01    2.00464017e+00    7.86048491e+02
 1.99170240e+02   1.23652487e+01    2.00489955e+00    7.86635175e+02
 1.99427501e+02   1.23477257e+01    2.00515774e+00    7.87221593e+02
 1.99684763e+02   1.23468781e+01    2.00541549e+00    7.87807746e+02
 1.99942024e+02   1.23475059e+01    2.00567212e+00    7.88393635e+02
 2.00456547e+02   1.23373161e+01    2.00618283e+00    7.89564620e+02
 2.00971069e+02   1.23372253e+01    2.00669010e+00    7.90734553e+02
 2.01228330e+02   1.23169406e+01    2.00694236e+00    7.91319126e+02
 2.01742853e+02   1.23362919e+01    2.00744495e+00    7.92487484e+02
 2.02514637e+02   1.23250586e+01    2.00819205e+00    7.94238057e+02
 2.03029160e+02   1.23267122e+01    2.00868630e+00    7.95403797e+02
 2.03286421e+02   1.23267776e+01    2.00893201e+00    7.95986275e+02
 2.03543682e+02   1.23264337e+01    2.00917665e+00    7.96568491e+02
 2.03800943e+02   1.23266140e+01    2.00942125e+00    7.97150446e+02
 2.04315466e+02   1.23255430e+01    2.00990731e+00    7.98313574e+02
 2.04829989e+02   1.23157988e+01    2.01038990e+00    7.99475659e+02
 2.05344511e+02   1.23160429e+01    2.01086945e+00    8.00636701e+02
 2.05859034e+02   1.23160855e+01    2.01134575e+00    8.01796703e+02
 2.06116295e+02   1.23078182e+01    2.01158271e+00    8.02376314e+02
 2.06373556e+02   1.23153265e+01    2.01181920e+00    8.02955665e+02
 2.06630818e+02   1.23076459e+01    2.01205455e+00    8.03534756e+02
 2.07145340e+02   1.23078048e+01    2.01252314e+00    8.04692160e+02
 2.07402601e+02   1.23054286e+01    2.01275623e+00    8.05270473e+02
 2.08174385e+02   1.23051978e+01    2.01345094e+00    8.07003857e+02
 2.08431647e+02   1.23051596e+01    2.01368090e+00    8.07581134e+02
 2.09203431e+02   1.22970888e+01    2.01436646e+00    8.09311423e+02
 2.09460692e+02   1.22977842e+01    2.01459377e+00    8.09887673e+02
 2.09975214e+02   1.23051320e+01    2.01504554e+00    8.11039411e+02
 2.10489737e+02   1.22872728e+01    2.01549435e+00    8.12190134e+02
 2.11004260e+02   1.22870209e+01    2.01594039e+00    8.13339848e+02
 2.11261521e+02   1.22869828e+01    2.01616221e+00    8.13914328e+02
 2.12290566e+02   1.22653447e+01    2.01704208e+00    8.16209755e+02
 2.13062350e+02   1.22763126e+01    2.01769490e+00    8.17928725e+02
 2.13319611e+02   1.22764665e+01    2.01791103e+00    8.18501223e+02
 2.14863179e+02   1.22665747e+01    2.01919221e+00    8.21931098e+02
 2.15120440e+02   1.22680259e+01    2.01940381e+00    8.22501897e+02
 2.15377702e+02   1.22658674e+01    2.01961437e+00    8.23072457e+02
 2.15892224e+02   1.22657484e+01    2.02003324e+00    8.24212859e+02
 2.16664008e+02   1.22677322e+01    2.02065643e+00    8.25921676e+02
 2.16921269e+02   1.22578585e+01    2.02086267e+00    8.26490806e+02
 2.17178531e+02   1.22577974e+01    2.02106821e+00    8.27059699e+02
 2.17693053e+02   1.22669141e+01    2.02147798e+00    8.28196775e+02
 2.17950314e+02   1.22462344e+01    2.02168144e+00    8.28764959e+02
 2.18207576e+02   1.22468906e+01    2.02188444e+00    8.29332908e+02
 2.18464837e+02   1.22476910e+01    2.02208681e+00    8.29900620e+02
 2.18722098e+02   1.22477008e+01    2.02228854e+00    8.30468098e+02
 2.18979360e+02   1.22375835e+01    2.02248939e+00    8.31035341e+02
 2.19236621e+02   1.22476150e+01    2.02268980e+00    8.31602350e+02
 2.19493882e+02   1.22474778e+01    2.02288949e+00    8.32169125e+02
 2.20265666e+02   1.22465230e+01    2.02348483e+00    8.33868048e+02
 2.20522927e+02   1.22373219e+01    2.02368182e+00    8.34433890e+02
 2.20780189e+02   1.22372975e+01    2.02387831e+00    8.34999499e+02
 2.21037450e+02   1.22264406e+01    2.02407406e+00    8.35564877e+02
 2.21294711e+02   1.22372040e+01    2.02426925e+00    8.36130023e+02
 2.22066495e+02   1.22256817e+01    2.02485078e+00    8.37824073e+02
 2.22323756e+02   1.22371047e+01    2.02504373e+00    8.38388295e+02
 2.22838279e+02   1.22269072e+01    2.02542691e+00    8.39516050e+02
 2.23095540e+02   1.22263256e+01    2.02561769e+00    8.40079583e+02
 2.23352802e+02   1.22371375e+01    2.02580797e+00    8.40642887e+02
 2.23610063e+02   1.22268485e+01    2.02599727e+00    8.41205963e+02
 2.23867324e+02   1.22265077e+01    2.02618610e+00    8.41768810e+02
 2.24381847e+02   1.22075746e+01    2.02656187e+00    8.42893820e+02
 2.24639108e+02   1.22151559e+01    2.02674911e+00    8.43455985e+02
 2.25153631e+02   1.22164113e+01    2.02712128e+00    8.44579634e+02
 2.25410892e+02   1.22175342e+01    2.02730654e+00    8.45141119e+02
 2.25668153e+02   1.22154877e+01    2.02749114e+00    8.45702379e+02
 2.25925415e+02   1.22153988e+01    2.02767504e+00    8.46263414e+02
 2.26182676e+02   1.22154326e+01    2.02785839e+00    8.46824224e+02
 2.26439937e+02   1.22078749e+01    2.02804112e+00    8.47384809e+02
 2.27211721e+02   1.21869476e+01    2.02858592e+00    8.49065222e+02
 2.27468982e+02   1.22058562e+01    2.02876642e+00    8.49624914e+02
 2.27983505e+02   1.21874947e+01    2.02912540e+00    8.50743630e+02
 2.28240766e+02   1.21961708e+01    2.02930402e+00    8.51302655e+02
 2.28498027e+02   1.22055621e+01    2.02948209e+00    8.51861459e+02
 2.29012550e+02   1.21977033e+01    2.02983649e+00    8.52978405e+02
 2.29269811e+02   1.21880019e+01    2.03001284e+00    8.53536547e+02
 2.29527073e+02   1.21958188e+01    2.03018861e+00    8.54094469e+02
 2.29784334e+02   1.21953207e+01    2.03036376e+00    8.54652173e+02
 2.30298856e+02   1.21850783e+01    2.03071233e+00    8.55766923e+02
 2.30813379e+02   1.21879127e+01    2.03105858e+00    8.56880800e+02
 2.31585163e+02   1.21871210e+01    2.03157400e+00    8.58549985e+02
 2.32356947e+02   1.21853337e+01    2.03208409e+00    8.60217224e+02
 2.32614208e+02   1.21760980e+01    2.03225314e+00    8.60772539e+02
 2.32871469e+02   1.21770985e+01    2.03242151e+00    8.61327639e+02
 2.33128731e+02   1.21766963e+01    2.03258926e+00    8.61882525e+02
 2.33385992e+02   1.21676751e+01    2.03275628e+00    8.62437196e+02
 2.33900515e+02   1.21767243e+01    2.03308970e+00    8.63545896e+02
 2.34929560e+02   1.21670279e+01    2.03374914e+00    8.65760737e+02
 2.35186821e+02   1.21665330e+01    2.03391261e+00    8.66313916e+02
 2.35444082e+02   1.21661388e+01    2.03407549e+00    8.66866883e+02
 2.35701344e+02   1.21563197e+01    2.03423783e+00    8.67419639e+02
 2.35958605e+02   1.21572655e+01    2.03439989e+00    8.67972183e+02
 2.36987650e+02   1.21456995e+01    2.03504202e+00    8.70180253e+02
 2.37502173e+02   1.21561430e+01    2.03536036e+00    8.71283029e+02
 2.37759434e+02   1.21558064e+01    2.03551850e+00    8.71834104e+02
 2.38016695e+02   1.21466343e+01    2.03567612e+00    8.72384969e+02
 2.38273957e+02   1.21471119e+01    2.03583339e+00    8.72935626e+02
 2.39303002e+02   1.21575992e+01    2.03645724e+00    8.75136176e+02
 2.39817524e+02   1.21477517e+01    2.03676600e+00    8.76235209e+02
 2.40074786e+02   1.21479839e+01    2.03691956e+00    8.76784416e+02
 2.40332047e+02   1.21368711e+01    2.03707251e+00    8.77333417e+02
 2.40846569e+02   1.21457019e+01    2.03737742e+00    8.78430801e+02
 2.41103831e+02   1.21377788e+01    2.03752907e+00    8.78979185e+02
 2.41361092e+02   1.21377893e+01    2.03768021e+00    8.79527363e+02
 2.41875615e+02   1.21377627e+01    2.03798083e+00    8.80623105e+02
 2.42132876e+02   1.21376564e+01    2.03813064e+00    8.81170668e+02
 2.42390137e+02   1.21375485e+01    2.03827973e+00    8.81718026e+02
 2.42904660e+02   1.21351418e+01    2.03857637e+00    8.82812130e+02
 2.43419182e+02   1.21274660e+01    2.03887132e+00    8.83905416e+02
 2.43676444e+02   1.21274333e+01    2.03901820e+00    8.84451753e+02
 2.43933705e+02   1.21052581e+01    2.03916419e+00    8.84997887e+02
 2.44190966e+02   1.21269044e+01    2.03930991e+00    8.85543817e+02
 2.44448228e+02   1.21257884e+01    2.03945539e+00    8.86089543e+02
 2.44705489e+02   1.21257716e+01    2.03960019e+00    8.86635066e+02
 2.44962750e+02   1.21267312e+01    2.03974444e+00    8.87180386e+02
 2.45220011e+02   1.21153960e+01    2.03988816e+00    8.87725503e+02
 2.45734534e+02   1.21171154e+01    2.04017447e+00    8.88815129e+02
 2.45991795e+02   1.21170777e+01    2.04031706e+00    8.89359638e+02
 2.46506318e+02   1.21070489e+01    2.04060039e+00    8.90448049e+02
 2.46763579e+02   1.21167032e+01    2.04074145e+00    8.90991952e+02
 2.47020840e+02   1.21155377e+01    2.04088208e+00    8.91535652e+02
 2.47535363e+02   1.21056705e+01    2.04116159e+00    8.92622449e+02
 2.47792624e+02   1.21067677e+01    2.04130050e+00    8.93165545e+02
 2.48049886e+02   1.21068180e+01    2.04143963e+00    8.93708440e+02
 2.48307147e+02   1.21067409e+01    2.04157789e+00    8.94251133e+02
 2.48564408e+02   1.21062334e+01    2.04171577e+00    8.94793626e+02
 2.48821670e+02   1.20965875e+01    2.04185297e+00    8.95335919e+02
 2.49336192e+02   1.21065338e+01    2.04212644e+00    8.96419902e+02
 2.49593453e+02   1.20979823e+01    2.04226236e+00    8.96961595e+02
 2.49850715e+02   1.21066629e+01    2.04239788e+00    8.97503089e+02
 2.50365237e+02   1.20965776e+01    2.04266758e+00    8.98585481e+02
 2.50622499e+02   1.20963749e+01    2.04280171e+00    8.99126380e+02
 2.50879760e+02   1.20956331e+01    2.04293565e+00    8.99667083e+02
 2.51137021e+02   1.20960497e+01    2.04306894e+00    9.00207589e+02
 2.51394282e+02   1.20962573e+01    2.04320180e+00    9.00747898e+02
 2.51651544e+02   1.20959373e+01    2.04333421e+00    9.01288012e+02
 2.51908805e+02   1.20951831e+01    2.04346628e+00    9.01827931e+02
 2.52423328e+02   1.20775762e+01    2.04372870e+00    9.02907185e+02
 2.52680589e+02   1.20858774e+01    2.04385919e+00    9.03446521e+02
 2.52937850e+02   1.20859027e+01    2.04398983e+00    9.03985664e+02
 2.53195111e+02   1.20850774e+01    2.04411964e+00    9.04524614e+02
 2.53452373e+02   1.20665138e+01    2.04424901e+00    9.05063371e+02
 2.53709634e+02   1.20858314e+01    2.04437803e+00    9.05601937e+02
 2.53966895e+02   1.20770825e+01    2.04450632e+00    9.06140311e+02
 2.54224157e+02   1.20761800e+01    2.04463466e+00    9.06678494e+02
 2.54481418e+02   1.20773773e+01    2.04476236e+00    9.07216487e+02
 2.55253202e+02   1.20754337e+01    2.04514277e+00    9.08829326e+02
 2.55510463e+02   1.20754015e+01    2.04526881e+00    9.09366562e+02
 2.56024986e+02   1.20668819e+01    2.04551960e+00    9.10440468e+02
 2.56796770e+02   1.20669956e+01    2.04589263e+00    9.12049925e+02
 2.57054031e+02   1.20579413e+01    2.04601603e+00    9.12586038e+02
 2.57311292e+02   1.20672360e+01    2.04613910e+00    9.13121966e+02
 2.58083076e+02   1.20673724e+01    2.04650590e+00    9.14728643e+02
 2.58340337e+02   1.20752371e+01    2.04662766e+00    9.15263834e+02
 2.59112121e+02   1.20570904e+01    2.04698941e+00    9.16868307e+02
 2.59369383e+02   1.20566703e+01    2.04710930e+00    9.17402766e+02
 2.59626644e+02   1.20476531e+01    2.04722862e+00    9.17937042e+02
 2.59883905e+02   1.20572935e+01    2.04734766e+00    9.18471137e+02
 2.60141166e+02   1.20473199e+01    2.04746592e+00    9.19005050e+02
 2.60655689e+02   1.20469876e+01    2.04770248e+00    9.20072331e+02
 2.61427473e+02   1.20462906e+01    2.04805349e+00    9.21671897e+02
 2.61684734e+02   1.20464813e+01    2.04817001e+00    9.22204725e+02
 2.62199257e+02   1.20466011e+01    2.04840135e+00    9.23269842e+02
 2.62971041e+02   1.20472409e+01    2.04874563e+00    9.24866175e+02
 2.63742824e+02   1.20377206e+01    2.04908635e+00    9.26460902e+02
 2.64000086e+02   1.20362937e+01    2.04919900e+00    9.26992122e+02
 2.64514608e+02   1.20269933e+01    2.04942359e+00    9.28054031e+02
 2.64771870e+02   1.20351979e+01    2.04953524e+00    9.28584721e+02
 2.65543654e+02   1.20267986e+01    2.04986798e+00    9.30175732e+02
 2.65800915e+02   1.20179418e+01    2.04997829e+00    9.30705718e+02
 2.66315437e+02   1.20177979e+01    2.05019750e+00    9.31765163e+02
 2.66572699e+02   1.20257312e+01    2.05030652e+00    9.32294624e+02
 2.66829960e+02   1.20155874e+01    2.05041528e+00    9.32823910e+02
 2.67344483e+02   1.20179710e+01    2.05063149e+00    9.33881961e+02
 2.67601744e+02   1.20179488e+01    2.05073907e+00    9.34410725e+02
 2.68116266e+02   1.20167499e+01    2.05095315e+00    9.35467733e+02
 2.68373528e+02   1.20178539e+01    2.05105992e+00    9.35995976e+02
 2.68630789e+02   1.20154500e+01    2.05116599e+00    9.36524046e+02
 2.68888050e+02   1.20173130e+01    2.05127180e+00    9.37051942e+02
 2.69145312e+02   1.20160341e+01    2.05137718e+00    9.37579664e+02
 2.69402573e+02   1.19950169e+01    2.05148220e+00    9.38107212e+02
 2.69917095e+02   1.20077112e+01    2.05169123e+00    9.39161787e+02
 2.70174357e+02   1.20070375e+01    2.05179518e+00    9.39688815e+02
 2.70431618e+02   1.19872244e+01    2.05189886e+00    9.40215668e+02
 2.70688879e+02   1.20076335e+01    2.05200215e+00    9.40742348e+02
 2.70946141e+02   1.20076030e+01    2.05210535e+00    9.41268854e+02
 2.71203402e+02   1.20062461e+01    2.05220786e+00    9.41795187e+02
 2.71975186e+02   1.19958539e+01    2.05251352e+00    9.43373143e+02
 2.72232447e+02   1.19958796e+01    2.05261467e+00    9.43898781e+02
 2.72489708e+02   1.19973063e+01    2.05271546e+00    9.44424245e+02
 2.72746970e+02   1.19962469e+01    2.05281589e+00    9.44949536e+02
 2.73004231e+02   1.19962264e+01    2.05291626e+00    9.45474653e+02
 2.73261492e+02   1.19967968e+01    2.05301594e+00    9.45999597e+02
 2.73518754e+02   1.19963712e+01    2.05311565e+00    9.46524367e+02
 2.73776015e+02   1.19864284e+01    2.05321466e+00    9.47048964e+02
 2.74290537e+02   1.19972452e+01    2.05341201e+00    9.48097636e+02
 2.74547799e+02   1.19870531e+01    2.05351011e+00    9.48621712e+02
 2.74805060e+02   1.19875695e+01    2.05360785e+00    9.49145615e+02
 2.75062321e+02   1.19870503e+01    2.05370520e+00    9.49669344e+02
 2.75576844e+02   1.19877059e+01    2.05389924e+00    9.50716281e+02
 2.75834105e+02   1.19755088e+01    2.05399543e+00    9.51239489e+02
 2.76091366e+02   1.19867826e+01    2.05409188e+00    9.51762524e+02
 2.76348628e+02   1.19863095e+01    2.05418760e+00    9.52285386e+02
 2.76863150e+02   1.19853361e+01    2.05437815e+00    9.53330589e+02
 2.77120412e+02   1.19778117e+01    2.05447298e+00    9.53852930e+02
 2.77377673e+02   1.19768239e+01    2.05456738e+00    9.54375098e+02
 2.77634934e+02   1.19767384e+01    2.05466143e+00    9.54897094e+02
 2.78149457e+02   1.19668362e+01    2.05484877e+00    9.55940568e+02
 2.78921241e+02   1.19761791e+01    2.05512743e+00    9.57504495e+02
 2.79950286e+02   1.19665055e+01    2.05549424e+00    9.59587351e+02
 2.80207547e+02   1.19664310e+01    2.05558509e+00    9.60107642e+02
 2.82008376e+02   1.19568424e+01    2.05621273e+00    9.63744995e+02
 2.82265638e+02   1.19579241e+01    2.05630132e+00    9.64263953e+02
 2.82522899e+02   1.19561857e+01    2.05638936e+00    9.64782745e+02
 2.82780160e+02   1.19560347e+01    2.05647708e+00    9.65301373e+02
 2.83037421e+02   1.19559884e+01    2.05656461e+00    9.65819837e+02
 2.83294683e+02   1.19477227e+01    2.05665176e+00    9.66338137e+02
 2.83551944e+02   1.19577127e+01    2.05673872e+00    9.66856274e+02
 2.83809205e+02   1.19555257e+01    2.05682536e+00    9.67374249e+02
 2.84580989e+02   1.19474715e+01    2.05708304e+00    9.68927198e+02
 2.84838250e+02   1.19475074e+01    2.05716859e+00    9.69444525e+02
 2.85095512e+02   1.19457824e+01    2.05725360e+00    9.69961691e+02
 2.85352773e+02   1.19456190e+01    2.05733830e+00    9.70478696e+02
 2.85610034e+02   1.19551322e+01    2.05742281e+00    9.70995542e+02
 2.85867296e+02   1.19455885e+01    2.05750680e+00    9.71512228e+02
 2.86381818e+02   1.19377123e+01    2.05767441e+00    9.72545123e+02
 2.86639079e+02   1.19450459e+01    2.05775778e+00    9.73061333e+02
 2.86896341e+02   1.19372800e+01    2.05784064e+00    9.73577384e+02
 2.87153602e+02   1.19373716e+01    2.05792316e+00    9.74093279e+02
 2.87410863e+02   1.19370490e+01    2.05800574e+00    9.74609016e+02
 2.87668125e+02   1.19353627e+01    2.05808783e+00    9.75124596e+02
 2.87925386e+02   1.19351960e+01    2.05816957e+00    9.75640019e+02
 2.88954431e+02   1.19269989e+01    2.05849377e+00    9.77700148e+02
 2.89468954e+02   1.19175794e+01    2.05865428e+00    9.78729277e+02
 2.89726215e+02   1.19177609e+01    2.05873405e+00    9.79243609e+02
 2.89983476e+02   1.19271932e+01    2.05881360e+00    9.79757786e+02
 2.90755260e+02   1.19050381e+01    2.05905016e+00    9.81299388e+02
 2.91527044e+02   1.19063478e+01    2.05928442e+00    9.82839602e+02
 2.92041567e+02   1.19166191e+01    2.05943941e+00    9.83865643e+02
 2.93585134e+02   1.19055743e+01    2.05989683e+00    9.86940099e+02
 2.94099657e+02   1.19072590e+01    2.06004732e+00    9.87963701e+02
 2.94614180e+02   1.19063202e+01    2.06019662e+00    9.88986698e+02
 2.95128702e+02   1.19054922e+01    2.06034461e+00    9.90009090e+02
 2.95900486e+02   1.18978448e+01    2.06056490e+00    9.91541551e+02
 2.96157747e+02   1.18771415e+01    2.06063756e+00    9.92052071e+02
 2.96415009e+02   1.18974924e+01    2.06071026e+00    9.92562442e+02
 2.96672270e+02   1.18966381e+01    2.06078271e+00    9.93072663e+02
 2.96929531e+02   1.18957930e+01    2.06085464e+00    9.93582735e+02
 2.97186792e+02   1.18957854e+01    2.06092666e+00    9.94092658e+02
 2.97444054e+02   1.18863934e+01    2.06099813e+00    9.94602432e+02
 2.97701315e+02   1.18969885e+01    2.06106948e+00    9.95112057e+02
 2.98730360e+02   1.18977427e+01    2.06135198e+00    9.97149075e+02
 2.99759405e+02   1.18853902e+01    2.06163027e+00    9.99183714e+02
 3.00016667e+02   1.18859340e+01    2.06169931e+00    9.99692002e+02
 3.00273928e+02   1.18771537e+01    2.06176787e+00    1.00020014e+03
 3.00531189e+02   1.18673316e+01    2.06183620e+00    1.00070813e+03
 3.01045712e+02   1.18778927e+01    2.06197249e+00    1.00172367e+03
 3.01302973e+02   1.18775549e+01    2.06204010e+00    1.00223121e+03
 3.01560234e+02   1.18763678e+01    2.06210742e+00    1.00273860e+03
 3.01817496e+02   1.18774688e+01    2.06217458e+00    1.00324585e+03
 3.02074757e+02   1.18657971e+01    2.06224151e+00    1.00375295e+03
 3.02332018e+02   1.18750066e+01    2.06230817e+00    1.00425989e+03
 3.02589280e+02   1.18751541e+01    2.06237473e+00    1.00476669e+03
 3.03103802e+02   1.18754482e+01    2.06250677e+00    1.00577984e+03
 3.03361063e+02   1.18678430e+01    2.06257225e+00    1.00628620e+03
 3.03618325e+02   1.18676451e+01    2.06263787e+00    1.00679240e+03
 3.03875586e+02   1.18672485e+01    2.06270304e+00    1.00729845e+03
 3.04132847e+02   1.18674548e+01    2.06276792e+00    1.00780435e+03
 3.04390109e+02   1.18671519e+01    2.06283253e+00    1.00831011e+03
 3.04904631e+02   1.18567099e+01    2.06296121e+00    1.00932117e+03
 3.05161893e+02   1.18650156e+01    2.06302505e+00    1.00982648e+03
 3.05419154e+02   1.18574756e+01    2.06308894e+00    1.01033163e+03
 3.05676415e+02   1.18573787e+01    2.06315235e+00    1.01083664e+03
 3.05933676e+02   1.18574836e+01    2.06321557e+00    1.01134150e+03
 3.06190938e+02   1.18573694e+01    2.06327847e+00    1.01184621e+03
 3.06448199e+02   1.18573860e+01    2.06334135e+00    1.01235077e+03
 3.06705460e+02   1.18477771e+01    2.06340375e+00    1.01285518e+03
 3.06962722e+02   1.18564755e+01    2.06346600e+00    1.01335944e+03
 3.07219983e+02   1.18563932e+01    2.06352800e+00    1.01386355e+03
 3.07991767e+02   1.18378068e+01    2.06371265e+00    1.01537498e+03
 3.08249028e+02   1.18573387e+01    2.06377394e+00    1.01587849e+03
 3.08763551e+02   1.18474613e+01    2.06389520e+00    1.01688506e+03
 3.09020812e+02   1.18470868e+01    2.06395561e+00    1.01738813e+03
 3.09278073e+02   1.18467746e+01    2.06401581e+00    1.01789104e+03
 3.09535334e+02   1.18471567e+01    2.06407568e+00    1.01839381e+03
 3.09792596e+02   1.18468417e+01    2.06413528e+00    1.01889642e+03
 3.10049857e+02   1.18354740e+01    2.06419461e+00    1.01939889e+03
 3.10307118e+02   1.18467704e+01    2.06425399e+00    1.01990122e+03
 3.11078902e+02   1.18355498e+01    2.06443027e+00    1.02140730e+03
 3.11336164e+02   1.18376506e+01    2.06448853e+00    1.02190904e+03
 3.11593425e+02   1.18368352e+01    2.06454644e+00    1.02241064e+03
 3.11850686e+02   1.18368359e+01    2.06460446e+00    1.02291208e+03
 3.12107947e+02   1.18375013e+01    2.06466213e+00    1.02341339e+03
 3.12365209e+02   1.18160995e+01    2.06471932e+00    1.02391455e+03
 3.12622470e+02   1.18366110e+01    2.06477653e+00    1.02441557e+03
 3.12879731e+02   1.18262065e+01    2.06483336e+00    1.02491644e+03
 3.13651515e+02   1.18365093e+01    2.06500311e+00    1.02641821e+03
 3.14166038e+02   1.18269815e+01    2.06511485e+00    1.02741869e+03
 3.14423299e+02   1.18265725e+01    2.06517028e+00    1.02791871e+03
 3.14680560e+02   1.18265428e+01    2.06522587e+00    1.02841860e+03
 3.14937822e+02   1.18061461e+01    2.06528091e+00    1.02891834e+03
 3.15195083e+02   1.18265084e+01    2.06533593e+00    1.02941795e+03
 3.15452344e+02   1.18260141e+01    2.06539057e+00    1.02991742e+03
 3.15966867e+02   1.18177914e+01    2.06549942e+00    1.03091595e+03
 3.16995912e+02   1.18168096e+01    2.06571439e+00    1.03291135e+03
 3.17253173e+02   1.18158986e+01    2.06576741e+00    1.03340986e+03
 3.17510435e+02   1.18154430e+01    2.06582060e+00    1.03390824e+03
 3.17767696e+02   1.18252609e+01    2.06587347e+00    1.03440648e+03
 3.18024957e+02   1.18162635e+01    2.06592591e+00    1.03490458e+03
 3.18282218e+02   1.17968600e+01    2.06597806e+00    1.03540256e+03
 3.18539480e+02   1.18075495e+01    2.06603022e+00    1.03590040e+03
 3.18796741e+02   1.18078412e+01    2.06608231e+00    1.03639810e+03
 3.19311264e+02   1.18051657e+01    2.06618554e+00    1.03739312e+03
 3.19568525e+02   1.18076025e+01    2.06623687e+00    1.03789043e+03
 3.19825786e+02   1.18065977e+01    2.06628788e+00    1.03838761e+03
 3.20083047e+02   1.18052693e+01    2.06633857e+00    1.03888465e+03
 3.20340309e+02   1.18064248e+01    2.06638946e+00    1.03938157e+03
 3.20597570e+02   1.17877435e+01    2.06643982e+00    1.03987835e+03
 3.20854831e+02   1.18053101e+01    2.06649011e+00    1.04037501e+03
 3.21369354e+02   1.17973185e+01    2.06658983e+00    1.04136792e+03
 3.21626615e+02   1.17976027e+01    2.06663961e+00    1.04186418e+03
 3.22398399e+02   1.17878375e+01    2.06678727e+00    1.04335217e+03
 3.22655660e+02   1.17960636e+01    2.06683606e+00    1.04384790e+03
 3.22912922e+02   1.18158893e+01    2.06688465e+00    1.04434350e+03
 3.23170183e+02   1.17951752e+01    2.06693309e+00    1.04483897e+03
 3.23941967e+02   1.17763176e+01    2.06707688e+00    1.04632459e+03
 3.24199228e+02   1.17872682e+01    2.06712453e+00    1.04681953e+03
 3.24456489e+02   1.17765518e+01    2.06717197e+00    1.04731434e+03
 3.24971012e+02   1.17872004e+01    2.06726630e+00    1.04830356e+03
 3.25228273e+02   1.17864361e+01    2.06731311e+00    1.04879797e+03
 3.25485535e+02   1.17854281e+01    2.06735963e+00    1.04929225e+03
 3.25742796e+02   1.17851996e+01    2.06740589e+00    1.04978639e+03
 3.26000057e+02   1.17652060e+01    2.06745214e+00    1.05028041e+03
 3.26514580e+02   1.17778619e+01    2.06754406e+00    1.05126804e+03
 3.26771841e+02   1.17657436e+01    2.06758952e+00    1.05176165e+03
 3.27029102e+02   1.17768870e+01    2.06763500e+00    1.05225513e+03
 3.27286364e+02   1.17755259e+01    2.06768027e+00    1.05274848e+03
 3.27800886e+02   1.17770966e+01    2.06777024e+00    1.05373478e+03
 3.28058148e+02   1.17764335e+01    2.06781493e+00    1.05422773e+03
 3.28315409e+02   1.17750300e+01    2.06785929e+00    1.05472054e+03
 3.28829931e+02   1.17678318e+01    2.06794759e+00    1.05570577e+03
 3.29087193e+02   1.17570314e+01    2.06799146e+00    1.05619819e+03
 3.29601715e+02   1.17567932e+01    2.06807855e+00    1.05718261e+03
 3.29858977e+02   1.17665363e+01    2.06812190e+00    1.05767463e+03
 3.30373499e+02   1.17565311e+01    2.06820801e+00    1.05865825e+03
 3.30630760e+02   1.17664729e+01    2.06825075e+00    1.05914986e+03
 3.30888022e+02   1.17564290e+01    2.06829336e+00    1.05964134e+03
 3.31917067e+02   1.17474862e+01    2.06846163e+00    1.06160590e+03
 3.32431589e+02   1.17555815e+01    2.06854465e+00    1.06258738e+03
 3.32688851e+02   1.17562813e+01    2.06858586e+00    1.06307792e+03
 3.33203373e+02   1.17553181e+01    2.06866792e+00    1.06405859e+03
 3.33460635e+02   1.17551954e+01    2.06870846e+00    1.06454873e+03
 3.33975157e+02   1.17551018e+01    2.06878951e+00    1.06552862e+03
 3.34746941e+02   1.17364275e+01    2.06890930e+00    1.06699746e+03
 3.35518725e+02   1.17460218e+01    2.06902755e+00    1.06846512e+03
 3.35775986e+02   1.17364908e+01    2.06906654e+00    1.06895408e+03
 3.36033248e+02   1.17377812e+01    2.06910555e+00    1.06944291e+03
 3.36290509e+02   1.17463442e+01    2.06914434e+00    1.06993161e+03
 3.36547770e+02   1.17564704e+01    2.06918299e+00    1.07042018e+03
 3.36805031e+02   1.17452086e+01    2.06922130e+00    1.07090863e+03
 3.37319554e+02   1.17368132e+01    2.06929734e+00    1.07188513e+03
 3.37576815e+02   1.17272035e+01    2.06933513e+00    1.07237319e+03
 3.38348599e+02   1.17375802e+01    2.06944763e+00    1.07383661e+03
 3.38863122e+02   1.17355433e+01    2.06952142e+00    1.07481159e+03
 3.39120383e+02   1.17366473e+01    2.06955858e+00    1.07529889e+03
 3.40149428e+02   1.17277481e+01    2.06970392e+00    1.07724683e+03
 3.40406690e+02   1.17260767e+01    2.06973967e+00    1.07773351e+03
 3.40921212e+02   1.17277018e+01    2.06981121e+00    1.07870649e+03
 3.41178473e+02   1.17166660e+01    2.06984649e+00    1.07919279e+03
 3.41435735e+02   1.17257055e+01    2.06988172e+00    1.07967897e+03
 3.41692996e+02   1.17174665e+01    2.06991673e+00    1.08016503e+03
 3.41950257e+02   1.17161973e+01    2.06995172e+00    1.08065096e+03
 3.42207519e+02   1.17267581e+01    2.06998655e+00    1.08113677e+03
 3.42979302e+02   1.17174734e+01    2.07008971e+00    1.08259348e+03
 3.43236564e+02   1.17277266e+01    2.07012384e+00    1.08307880e+03
 3.43493825e+02   1.17175634e+01    2.07015765e+00    1.08356401e+03
 3.43751086e+02   1.17170304e+01    2.07019145e+00    1.08404909e+03
 3.44008348e+02   1.17173000e+01    2.07022499e+00    1.08453405e+03
 3.44265609e+02   1.17150120e+01    2.07025831e+00    1.08501890e+03
 3.44522870e+02   1.17075930e+01    2.07029149e+00    1.08550362e+03
 3.44780132e+02   1.17266234e+01    2.07032443e+00    1.08598822e+03
 3.45037393e+02   1.17153989e+01    2.07035763e+00    1.08647270e+03
 3.45809177e+02   1.17075658e+01    2.07045539e+00    1.08792543e+03
 3.46066438e+02   1.17068155e+01    2.07048758e+00    1.08840943e+03
 3.46323699e+02   1.17075232e+01    2.07051952e+00    1.08889331e+03
 3.46580961e+02   1.17075733e+01    2.07055165e+00    1.08937707e+03
 3.46838222e+02   1.17069333e+01    2.07058344e+00    1.08986071e+03
 3.47095483e+02   1.17071797e+01    2.07061501e+00    1.09034423e+03
 3.47610006e+02   1.16964089e+01    2.07067762e+00    1.09131091e+03
 3.47867267e+02   1.17050495e+01    2.07070884e+00    1.09179407e+03
 3.48124528e+02   1.17061219e+01    2.07073993e+00    1.09227711e+03
 3.48639051e+02   1.16973147e+01    2.07080140e+00    1.09324282e+03
 3.48896312e+02   1.16968770e+01    2.07083184e+00    1.09372550e+03
 3.49153573e+02   1.17075450e+01    2.07086227e+00    1.09420806e+03
 3.49410835e+02   1.16969309e+01    2.07089224e+00    1.09469050e+03
 3.50439880e+02   1.16973222e+01    2.07101147e+00    1.09661905e+03
 3.51468925e+02   1.16874027e+01    2.07112824e+00    1.09854567e+03
 3.51726186e+02   1.16871262e+01    2.07115707e+00    1.09902703e+03
 3.51983448e+02   1.16862300e+01    2.07118561e+00    1.09950826e+03
 3.52240709e+02   1.16755861e+01    2.07121401e+00    1.09998938e+03
 3.52497970e+02   1.16859829e+01    2.07124237e+00    1.10047037e+03
 3.52755232e+02   1.16864703e+01    2.07127065e+00    1.10095125e+03
 3.53527015e+02   1.16758362e+01    2.07135407e+00    1.10239315e+03
 3.53784277e+02   1.16763173e+01    2.07138155e+00    1.10287355e+03
 3.54041538e+02   1.16761237e+01    2.07140918e+00    1.10335382e+03
 3.54298799e+02   1.16771999e+01    2.07143639e+00    1.10383398e+03
 3.54556061e+02   1.16768342e+01    2.07146364e+00    1.10431401e+03
 3.54813322e+02   1.16768444e+01    2.07149063e+00    1.10479393e+03
 3.55070583e+02   1.16867869e+01    2.07151747e+00    1.10527372e+03
 3.55327844e+02   1.16768436e+01    2.07154401e+00    1.10575339e+03
 3.55585106e+02   1.16651174e+01    2.07157049e+00    1.10623295e+03
 3.56356890e+02   1.16666641e+01    2.07164918e+00    1.10767089e+03
 3.56614151e+02   1.16666468e+01    2.07167508e+00    1.10814996e+03
 3.56871412e+02   1.16762945e+01    2.07170069e+00    1.10862891e+03
 3.57385935e+02   1.16666439e+01    2.07175200e+00    1.10958646e+03
 3.57643196e+02   1.16666646e+01    2.07177753e+00    1.11006506e+03
 3.57900457e+02   1.16660981e+01    2.07180274e+00    1.11054353e+03
 3.58157719e+02   1.16575481e+01    2.07182769e+00    1.11102189e+03
 3.58414980e+02   1.16656216e+01    2.07185255e+00    1.11150013e+03
 3.58672241e+02   1.16659076e+01    2.07187743e+00    1.11197825e+03
 3.58929503e+02   1.16750420e+01    2.07190218e+00    1.11245625e+03
 3.59444025e+02   1.16461541e+01    2.07195075e+00    1.11341190e+03
 3.59958548e+02   1.16567110e+01    2.07199877e+00    1.11436707e+03
 3.60215809e+02   1.16569321e+01    2.07202307e+00    1.11484449e+03
 3.60473070e+02   1.16564107e+01    2.07204670e+00    1.11532178e+03
 3.60730332e+02   1.16563905e+01    2.07207052e+00    1.11579896e+03
 3.60987593e+02   1.16568663e+01    2.07209403e+00    1.11627602e+03
 3.61244854e+02   1.16376776e+01    2.07211721e+00    1.11675297e+03
 3.62016638e+02   1.16371592e+01    2.07218647e+00    1.11818311e+03
 3.62273899e+02   1.16478074e+01    2.07220929e+00    1.11865960e+03
 3.62531161e+02   1.16564059e+01    2.07223195e+00    1.11913596e+03
 3.62788422e+02   1.16478320e+01    2.07225439e+00    1.11961222e+03
 3.63045683e+02   1.16462113e+01    2.07227649e+00    1.12008835e+03
 3.63302945e+02   1.16350408e+01    2.07229903e+00    1.12056438e+03
 3.63560206e+02   1.16461123e+01    2.07232107e+00    1.12104028e+03
 3.63817467e+02   1.16460987e+01    2.07234320e+00    1.12151608e+03
 3.64074728e+02   1.16452792e+01    2.07236504e+00    1.12199176e+03
 3.64331990e+02   1.16371384e+01    2.07238662e+00    1.12246732e+03
 3.64589251e+02   1.16273042e+01    2.07240806e+00    1.12294278e+03
 3.64846512e+02   1.16354318e+01    2.07242956e+00    1.12341811e+03
 3.65103774e+02   1.16353406e+01    2.07245090e+00    1.12389334e+03
 3.65361035e+02   1.16376221e+01    2.07247205e+00    1.12436845e+03
 3.65875557e+02   1.16376298e+01    2.07251386e+00    1.12531834e+03
 3.66132819e+02   1.16366650e+01    2.07253443e+00    1.12579311e+03
 3.66647341e+02   1.16358926e+01    2.07257569e+00    1.12674232e+03
 3.66904603e+02   1.16358981e+01    2.07259616e+00    1.12721676e+03
 3.67161864e+02   1.16355450e+01    2.07261639e+00    1.12769109e+03
 3.67419125e+02   1.16270638e+01    2.07263636e+00    1.12816530e+03
 3.67933648e+02   1.16455848e+01    2.07267621e+00    1.12911340e+03
 3.68448170e+02   1.16274185e+01    2.07271536e+00    1.13006106e+03
 3.68705432e+02   1.16256597e+01    2.07273471e+00    1.13053472e+03
 3.68962693e+02   1.16271240e+01    2.07275397e+00    1.13100827e+03
 3.69219954e+02   1.16358675e+01    2.07277313e+00    1.13148171e+03
 3.69477216e+02   1.16268728e+01    2.07279223e+00    1.13195504e+03
 3.69734477e+02   1.16256428e+01    2.07281113e+00    1.13242826e+03
 3.69991738e+02   1.16254217e+01    2.07282993e+00    1.13290138e+03
 3.70248999e+02   1.16255385e+01    2.07284862e+00    1.13337438e+03
 3.70506261e+02   1.16167196e+01    2.07286702e+00    1.13384727e+03
 3.71535306e+02   1.16172042e+01    2.07293978e+00    1.13573775e+03
 3.71792567e+02   1.16172378e+01    2.07295761e+00    1.13621010e+03
 3.72049828e+02   1.16170790e+01    2.07297529e+00    1.13668234e+03
 3.72307090e+02   1.16165682e+01    2.07299288e+00    1.13715446e+03
 3.72564351e+02   1.16162162e+01    2.07301042e+00    1.13762648e+03
 3.72821612e+02   1.16152508e+01    2.07302785e+00    1.13809839e+03
 3.73336135e+02   1.16152640e+01    2.07306224e+00    1.13904188e+03
 3.74107919e+02   1.16060686e+01    2.07311253e+00    1.14045629e+03
 3.74622441e+02   1.16069123e+01    2.07314583e+00    1.14139868e+03
 3.74879703e+02   1.15958143e+01    2.07316208e+00    1.14186971e+03
 3.75136964e+02   1.16069513e+01    2.07317833e+00    1.14234064e+03
 3.75394225e+02   1.15876518e+01    2.07319434e+00    1.14281145e+03
 3.76166009e+02   1.16050336e+01    2.07324197e+00    1.14422323e+03
 3.76423270e+02   1.16052030e+01    2.07325778e+00    1.14469361e+03
 3.77195054e+02   1.16151467e+01    2.07330390e+00    1.14610408e+03
 3.77709577e+02   1.15966050e+01    2.07333400e+00    1.14704384e+03
 3.78224099e+02   1.15966324e+01    2.07336360e+00    1.14798317e+03
 3.78481361e+02   1.15861646e+01    2.07337813e+00    1.14845267e+03
 3.78738622e+02   1.15950143e+01    2.07339267e+00    1.14892205e+03
 3.80539451e+02   1.15868696e+01    2.07349107e+00    1.15220471e+03
 3.80796712e+02   1.15865507e+01    2.07350480e+00    1.15267322e+03
 3.81053974e+02   1.15761094e+01    2.07351819e+00    1.15314163e+03
 3.81568496e+02   1.15768393e+01    2.07354470e+00    1.15407811e+03
 3.81825758e+02   1.15863357e+01    2.07355787e+00    1.15454618e+03
 3.82597541e+02   1.15777881e+01    2.07359649e+00    1.15594975e+03
 3.82854803e+02   1.15871502e+01    2.07360936e+00    1.15641738e+03
 3.83626587e+02   1.15671221e+01    2.07364639e+00    1.15781963e+03
 3.83883848e+02   1.15763605e+01    2.07365866e+00    1.15828683e+03
 3.84141109e+02   1.15761894e+01    2.07367080e+00    1.15875392e+03
 3.84655632e+02   1.15763473e+01    2.07369455e+00    1.15968777e+03
 3.84912893e+02   1.15761201e+01    2.07370623e+00    1.16015453e+03
 3.85941938e+02   1.15762850e+01    2.07375219e+00    1.16202051e+03
 3.86199200e+02   1.15562136e+01    2.07376331e+00    1.16248673e+03
 3.86456461e+02   1.15678446e+01    2.07377443e+00    1.16295285e+03
 3.86713722e+02   1.15676226e+01    2.07378535e+00    1.16341886e+03
 3.86970983e+02   1.15658561e+01    2.07379601e+00    1.16388477e+03
 3.87228245e+02   1.15661513e+01    2.07380692e+00    1.16435056e+03
 3.87485506e+02   1.15576734e+01    2.07381752e+00    1.16481625e+03
 3.87742767e+02   1.15655393e+01    2.07382802e+00    1.16528184e+03
 3.88000029e+02   1.15577963e+01    2.07383835e+00    1.16574732e+03
 3.88257290e+02   1.15663140e+01    2.07384865e+00    1.16621269e+03
 3.89286335e+02   1.15576282e+01    2.07388882e+00    1.16807314e+03
 3.89543596e+02   1.15575354e+01    2.07389860e+00    1.16853799e+03
 3.89800858e+02   1.15577033e+01    2.07390818e+00    1.16900274e+03
 3.90058119e+02   1.15862944e+01    2.07391793e+00    1.16946738e+03
 3.90315380e+02   1.15559454e+01    2.07392700e+00    1.16993192e+03
 3.90572642e+02   1.15556373e+01    2.07393645e+00    1.17039635e+03
 3.90829903e+02   1.15474425e+01    2.07394560e+00    1.17086068e+03
 3.91087164e+02   1.15557064e+01    2.07395470e+00    1.17132491e+03
 3.91344425e+02   1.15467902e+01    2.07396360e+00    1.17178903e+03
 3.91858948e+02   1.15478299e+01    2.07398124e+00    1.17271697e+03
 3.92116209e+02   1.15475381e+01    2.07399005e+00    1.17318079e+03
 3.92630732e+02   1.15366643e+01    2.07400704e+00    1.17410812e+03
 3.92887993e+02   1.15478066e+01    2.07401549e+00    1.17457163e+03
 3.93402516e+02   1.15474798e+01    2.07403181e+00    1.17549835e+03
 3.93659777e+02   1.15350218e+01    2.07403972e+00    1.17596156e+03
 3.93917038e+02   1.15361991e+01    2.07404775e+00    1.17642467e+03
 3.94174300e+02   1.15371855e+01    2.07405557e+00    1.17688768e+03
 3.94431561e+02   1.15360124e+01    2.07406324e+00    1.17735058e+03
 3.94688822e+02   1.15367053e+01    2.07407083e+00    1.17781339e+03
 3.94946083e+02   1.15376975e+01    2.07407836e+00    1.17827610e+03
 3.95203345e+02   1.15375855e+01    2.07408581e+00    1.17873870e+03
 3.95460606e+02   1.15376140e+01    2.07409322e+00    1.17920121e+03
 3.95717867e+02   1.15374408e+01    2.07410027e+00    1.17966362e+03
 3.95975129e+02   1.15366690e+01    2.07410756e+00    1.18012593e+03
 3.96232390e+02   1.15376927e+01    2.07411458e+00    1.18058814e+03
 3.96489651e+02   1.15553245e+01    2.07412154e+00    1.18105025e+03
 3.96746913e+02   1.15352276e+01    2.07412814e+00    1.18151227e+03
 3.97004174e+02   1.15369795e+01    2.07413491e+00    1.18197418e+03
 3.97261435e+02   1.15357964e+01    2.07414155e+00    1.18243600e+03
 3.97518696e+02   1.15351071e+01    2.07414800e+00    1.18289772e+03
 3.97775958e+02   1.15265598e+01    2.07415432e+00    1.18335934e+03
 3.98033219e+02   1.15277136e+01    2.07416058e+00    1.18382087e+03
 3.98290480e+02   1.15274011e+01    2.07416676e+00    1.18428230e+03
 3.98547742e+02   1.15269266e+01    2.07417291e+00    1.18474363e+03
 3.98805003e+02   1.15270163e+01    2.07417899e+00    1.18520486e+03
 3.99062264e+02   1.15274427e+01    2.07418476e+00    1.18566599e+03
 3.99319525e+02   1.15274457e+01    2.07419073e+00    1.18612703e+03
 3.99576787e+02   1.15271419e+01    2.07419641e+00    1.18658796e+03
 3.99834048e+02   1.15076636e+01    2.07420184e+00    1.18704880e+03
 4.00348571e+02   1.15151853e+01    2.07421275e+00    1.18797019e+03
 4.00605832e+02   1.15167364e+01    2.07421812e+00    1.18843073e+03
 4.00863093e+02   1.15251072e+01    2.07422333e+00    1.18889118e+03
 4.01120354e+02   1.14967907e+01    2.07422828e+00    1.18935153e+03
 4.01377616e+02   1.15172447e+01    2.07423333e+00    1.18981178e+03
 4.01634877e+02   1.15172325e+01    2.07423822e+00    1.19027193e+03
 4.01892138e+02   1.15172502e+01    2.07424310e+00    1.19073198e+03
 4.02149400e+02   1.14960426e+01    2.07424777e+00    1.19119193e+03
 4.02406661e+02   1.15173072e+01    2.07425238e+00    1.19165179e+03
 4.02663922e+02   1.15172950e+01    2.07425707e+00    1.19211154e+03
 4.02921184e+02   1.15167013e+01    2.07426147e+00    1.19257120e+03
 4.03178445e+02   1.15150180e+01    2.07426572e+00    1.19303075e+03
 4.03435706e+02   1.15066548e+01    2.07426986e+00    1.19349021e+03
 4.03692967e+02   1.15172305e+01    2.07427412e+00    1.19394957e+03
 4.03950229e+02   1.15060701e+01    2.07427813e+00    1.19440883e+03
 4.04464751e+02   1.14960051e+01    2.07428581e+00    1.19532706e+03
 4.04722013e+02   1.15070514e+01    2.07428958e+00    1.19578602e+03
 4.04979274e+02   1.15070396e+01    2.07429323e+00    1.19624488e+03
 4.05236535e+02   1.14858595e+01    2.07429675e+00    1.19670364e+03
 4.05751058e+02   1.15062831e+01    2.07430360e+00    1.19762087e+03
 4.06008319e+02   1.15067272e+01    2.07430709e+00    1.19807933e+03
 4.06265580e+02   1.14971332e+01    2.07431022e+00    1.19853770e+03
 4.06522842e+02   1.15065962e+01    2.07431331e+00    1.19899596e+03
 4.07294626e+02   1.14963247e+01    2.07432201e+00    1.20037016e+03
 4.07551887e+02   1.14977570e+01    2.07432474e+00    1.20082802e+03
 4.07809148e+02   1.15066623e+01    2.07432738e+00    1.20128578e+03
 4.08066409e+02   1.14968604e+01    2.07432981e+00    1.20174345e+03
 4.08323671e+02   1.14968372e+01    2.07433226e+00    1.20220101e+03
 4.08580932e+02   1.14755819e+01    2.07433448e+00    1.20265848e+03
 4.08838193e+02   1.14968384e+01    2.07433701e+00    1.20311584e+03
 4.09095455e+02   1.14960798e+01    2.07433900e+00    1.20357310e+03
 4.09352716e+02   1.14962022e+01    2.07434126e+00    1.20403026e+03
 4.09609977e+02   1.14865722e+01    2.07434321e+00    1.20448732e+03
 4.09867238e+02   1.14963175e+01    2.07434511e+00    1.20494428e+03
 4.10381761e+02   1.14855506e+01    2.07434846e+00    1.20585790e+03
 4.10639022e+02   1.14864475e+01    2.07435023e+00    1.20631456e+03
 4.11153545e+02   1.14872490e+01    2.07435318e+00    1.20722757e+03
 4.11410806e+02   1.14866449e+01    2.07435449e+00    1.20768392e+03
 4.11668067e+02   1.14866312e+01    2.07435575e+00    1.20814017e+03
 4.11925329e+02   1.14857057e+01    2.07435667e+00    1.20859633e+03
 4.12439851e+02   1.14866762e+01    2.07435906e+00    1.20950833e+03
 4.12697113e+02   1.14856184e+01    2.07436003e+00    1.20996417e+03
 4.12954374e+02   1.14859657e+01    2.07436091e+00    1.21041992e+03
 4.13211635e+02   1.14760187e+01    2.07436153e+00    1.21087557e+03
 4.13726158e+02   1.14761150e+01    2.07436258e+00    1.21178656e+03
 4.13983419e+02   1.14765159e+01    2.07436322e+00    1.21224190e+03
 4.14497942e+02   1.14771036e+01    2.07436389e+00    1.21315229e+03
 4.14755203e+02   1.14764916e+01    2.07436405e+00    1.21360734e+03
 4.15012464e+02   1.14764231e+01    2.07436413e+00    1.21406228e+03
 4.16298771e+02   1.14759101e+01    2.07436362e+00    1.21633553e+03
 4.16556032e+02   1.14762818e+01    2.07436322e+00    1.21678989e+03
 4.17070555e+02   1.14753694e+01    2.07436206e+00    1.21769830e+03
 4.17842338e+02   1.14652120e+01    2.07435986e+00    1.21906020e+03
 4.18099600e+02   1.14668018e+01    2.07435894e+00    1.21951397e+03
 4.18356861e+02   1.14662089e+01    2.07435790e+00    1.21996764e+03
 4.18614122e+02   1.14551966e+01    2.07435679e+00    1.22042122e+03
 4.19128645e+02   1.14562002e+01    2.07435448e+00    1.22132808e+03
 4.19385906e+02   1.14658208e+01    2.07435309e+00    1.22178137e+03
 4.19643168e+02   1.14658079e+01    2.07435184e+00    1.22223456e+03
 4.19900429e+02   1.14374853e+01    2.07435024e+00    1.22268766e+03
 4.20414951e+02   1.14559081e+01    2.07434702e+00    1.22359357e+03
 4.20672213e+02   1.14575028e+01    2.07434519e+00    1.22404638e+03
 4.20929474e+02   1.14574537e+01    2.07434351e+00    1.22449910e+03
 4.21186735e+02   1.14561346e+01    2.07434158e+00    1.22495172e+03
 4.21701258e+02   1.14561168e+01    2.07433746e+00    1.22585668e+03
 4.21958519e+02   1.14553405e+01    2.07433526e+00    1.22630902e+03
 4.22473042e+02   1.14458317e+01    2.07433073e+00    1.22721342e+03
 4.22730303e+02   1.14560644e+01    2.07432846e+00    1.22766548e+03
 4.22987564e+02   1.14376420e+01    2.07432583e+00    1.22811745e+03
 4.23502087e+02   1.14555103e+01    2.07432081e+00    1.22902110e+03
 4.23759348e+02   1.14271020e+01    2.07431791e+00    1.22947279e+03
 4.24273871e+02   1.14472826e+01    2.07431231e+00    1.23037589e+03
 4.24531132e+02   1.14658200e+01    2.07430953e+00    1.23082730e+03
 4.24788393e+02   1.14465185e+01    2.07430634e+00    1.23127862e+03
 4.25045655e+02   1.14458475e+01    2.07430318e+00    1.23172985e+03
 4.25302916e+02   1.14458244e+01    2.07429994e+00    1.23218099e+03
 4.25560177e+02   1.14356732e+01    2.07429661e+00    1.23263203e+03
 4.25817439e+02   1.14453538e+01    2.07429313e+00    1.23308299e+03
 4.26074700e+02   1.14452398e+01    2.07428996e+00    1.23353385e+03
 4.26331961e+02   1.14451786e+01    2.07428639e+00    1.23398462e+03
 4.26589222e+02   1.14478250e+01    2.07428294e+00    1.23443531e+03
 4.26846484e+02   1.14560966e+01    2.07427936e+00    1.23488590e+03
 4.27103745e+02   1.14371197e+01    2.07427543e+00    1.23533641e+03
 4.27361006e+02   1.14458619e+01    2.07427163e+00    1.23578682e+03
 4.27618268e+02   1.14370983e+01    2.07426753e+00    1.23623714e+03
 4.27875529e+02   1.14370941e+01    2.07426371e+00    1.23668738e+03
 4.28132790e+02   1.14365559e+01    2.07425966e+00    1.23713752e+03
 4.28647313e+02   1.14356788e+01    2.07425123e+00    1.23803755e+03
 4.28904574e+02   1.14355915e+01    2.07424689e+00    1.23848742e+03
 4.29161835e+02   1.14173138e+01    2.07424243e+00    1.23893721e+03
 4.29676358e+02   1.14355742e+01    2.07423369e+00    1.23983652e+03
 4.29933619e+02   1.14059986e+01    2.07422879e+00    1.24028604e+03
 4.30190881e+02   1.14177562e+01    2.07422435e+00    1.24073547e+03
 4.30448142e+02   1.14350126e+01    2.07421970e+00    1.24118481e+03
 4.30962664e+02   1.14253031e+01    2.07420986e+00    1.24208322e+03
 4.31219926e+02   1.14265646e+01    2.07420478e+00    1.24253229e+03
 4.31477187e+02   1.14271469e+01    2.07419988e+00    1.24298128e+03
 4.31734448e+02   1.14258480e+01    2.07419473e+00    1.24343017e+03
 4.31991710e+02   1.14253488e+01    2.07418948e+00    1.24387898e+03
 4.32248971e+02   1.14252067e+01    2.07418417e+00    1.24432769e+03
 4.33020755e+02   1.14253405e+01    2.07416792e+00    1.24567330e+03
 4.33535277e+02   1.14064530e+01    2.07415651e+00    1.24656993e+03
 4.33792539e+02   1.14063925e+01    2.07415101e+00    1.24701811e+03
 4.34307061e+02   1.14168738e+01    2.07413930e+00    1.24791421e+03
 4.34821584e+02   1.14072353e+01    2.07412721e+00    1.24880994e+03
 4.35078845e+02   1.14156992e+01    2.07412127e+00    1.24925768e+03
 4.35336106e+02   1.14173488e+01    2.07411512e+00    1.24970532e+03
 4.35593368e+02   1.14151042e+01    2.07410881e+00    1.25015288e+03
 4.36365152e+02   1.14150661e+01    2.07408955e+00    1.25149501e+03
 4.36622413e+02   1.14150161e+01    2.07408315e+00    1.25194221e+03
 4.36879674e+02   1.13957272e+01    2.07407650e+00    1.25238932e+03
 4.37136935e+02   1.13954929e+01    2.07406973e+00    1.25283634e+03
 4.37394197e+02   1.13971702e+01    2.07406315e+00    1.25328328e+03
 4.37651458e+02   1.14067010e+01    2.07405637e+00    1.25373012e+03
 4.38165981e+02   1.14067434e+01    2.07404248e+00    1.25462354e+03
 4.38423242e+02   1.14052433e+01    2.07403536e+00    1.25507012e+03
 4.38680503e+02   1.14053915e+01    2.07402837e+00    1.25551660e+03
 4.38937764e+02   1.13971403e+01    2.07402116e+00    1.25596300e+03
 4.41253116e+02   1.13963367e+01    2.07395352e+00    1.25997659e+03
 4.41767639e+02   1.13963136e+01    2.07393767e+00    1.26086752e+03
 4.42539423e+02   1.13955587e+01    2.07391345e+00    1.26220325e+03
 4.43053945e+02   1.13953883e+01    2.07389689e+00    1.26309329e+03
 4.43311206e+02   1.13769127e+01    2.07388841e+00    1.26353818e+03
 4.44082990e+02   1.13853810e+01    2.07386313e+00    1.26487231e+03
 4.44340252e+02   1.13876081e+01    2.07385440e+00    1.26531684e+03
 4.44854774e+02   1.13965943e+01    2.07383719e+00    1.26620564e+03
 4.45112035e+02   1.13774738e+01    2.07382819e+00    1.26664991e+03
 4.45369297e+02   1.13861319e+01    2.07381935e+00    1.26709409e+03
 4.46141081e+02   1.13850427e+01    2.07379229e+00    1.26842609e+03
 4.46655603e+02   1.13857952e+01    2.07377385e+00    1.26931366e+03
 4.46912864e+02   1.13661239e+01    2.07376441e+00    1.26975731e+03
 4.47427387e+02   1.13652827e+01    2.07374568e+00    1.27064434e+03
 4.47684648e+02   1.13657378e+01    2.07373629e+00    1.27108773e+03
 4.47941910e+02   1.13774416e+01    2.07372666e+00    1.27153102e+03
 4.48199171e+02   1.13775130e+01    2.07371722e+00    1.27197423e+03
 4.48713694e+02   1.13674158e+01    2.07369770e+00    1.27286039e+03
 4.48970955e+02   1.13759238e+01    2.07368792e+00    1.27330333e+03
 4.49228216e+02   1.13676420e+01    2.07367788e+00    1.27374619e+03
 4.49485477e+02   1.13677292e+01    2.07366808e+00    1.27418896e+03
